MarkerName	Allele1	Allele2	Freq1	FreqSE	MinFreq	MaxFreq	Effect	StdErr	IntEffect	IntStdErr	IntCov	ChiSq2df	Pvalue	Direction	DirectionInt	HetChiSq	HetDf	HetPVal	N	nCohort	CHR	BP	refsnp_id	chrom_start	chrom_end	allele
2:26679363:A_T	a	t	0.8656	0.0638	0.8287	0.9758	-0.01603	0.09037	-0.4485	0.17	-0.008088	10.346	0.005668	-??+?	-??+?	6.779	2	0.03372	115328	23	2	26679363	rs77593205	26679363	26679363	a/g/t
2:26692728:A_G	a	g	0.0087	0.0029	0.0017	0.01	-0.3427	0.1716	0.2203	0.3713	-0.02942	4.127	0.127	+-?+?	-+?-?	4.553	4	0.3364	368424	16	2	26692728	rs979505124	26692728	26692728	g/a/t
2:26673141:A_G	a	g	0.0252	0	0.0252	0.0252	-1.04	1.649	4.015	2.998	-2.713	1.809	0.4048	-????	+????	0	0	1	1604	1	2	26673141	rs115841398	26673141	26673141	g/a/c/t
2:26688877:C_T	t	c	0.504	0.1734	0.2169	0.6529	-0.3058	0.01775	0.03078	0.043	-0.0003135	345.643	8.801e-76	-----	+++-+	28.208	8	0.0004363	1176320	103	2	26688877	rs1275985	26688877	26688877	c/t
2:26675854:A_G	a	g	0.0143	0.0048	0.0022	0.0162	0.5452	0.2988	-0.7905	0.5409	-0.08906	3.629	0.163	+??-?	-??+?	6.485	2	0.03907	85830	12	2	26675854	rs116026540	26675854	26675854	g/a
2:26688794:A_G	a	g	0.0039	0	0.0039	0.0039	0.2513	0.9667	-2.696	1.52	-0.9345	4.409	0.1103	+????	-????	0	0	1	35494	1	2	26688794	rs796927526	26688794	26688794	g/a
2:26708372:A_G	a	g	0.004	7e-04	0.0011	0.0042	0.4691	0.2853	-0.2461	0.6265	-0.08135	2.863	0.2389	?+?+?	?-?+?	0.278	2	0.8704	294463	8	2	26708372	rs80321430	26708372	26708372	g/a
2:26706298:C_T	t	c	0.0342	0	0.0342	0.0342	-0.4724	0.9328	-0.4044	1.779	-0.8708	0.592	0.7437	??-??	??-??	0	0	1	3651	2	2	26706298	rs537773957	26706298	26706298	c/a/g/t
2:26687814:C_G	c	g	0.0722	0.0174	0.0163	0.0785	0.1205	0.03647	-0.04148	0.09006	-0.001327	11.823	0.002708	++?++	+-?--	3.433	6	0.7528	916691	70	2	26687814	rs75841477	26687814	26687814	g/a/c/t
2:26706617:A_C	a	c	0.9923	0	0.9923	0.9923	0.1738	0.5294	1.064	0.9121	-0.2802	2.885	0.2363	+????	+????	0	0	1	59452	6	2	26706617	rs145881281	26706617	26706617	a/c
2:26688315:A_C	a	c	0.0493	0.0233	0.0075	0.0623	0.1792	0.1428	-0.1399	0.2705	-0.02035	1.603	0.4487	+??+?	-??-?	1.604	2	0.4484	112586	21	2	26688315	rs7563686	26688315	26688315	c/a/t
2:26712463:A_T	a	t	0.994	0	0.994	0.994	-0.7575	0.6731	2.134	1.167	-0.4527	3.349	0.1874	-????	+????	0	0	1	44177	2	2	26712463	rs149846212	26712463	26712463	a/t
2:26685850:A_G	a	g	0.0551	0.025	0.014	0.0703	-0.1568	0.1371	-0.2861	0.2546	-0.01873	5.547	0.06243	-??+?	-??+?	2.819	2	0.2443	106941	21	2	26685850	rs1010141	26685850	26685850	g/a
2:26676256:A_G	a	g	0.0448	0.0218	0.0074	0.0575	-0.1332	0.1552	0.4789	0.2885	-0.02402	2.756	0.2521	-??+?	+??-?	1.444	2	0.4858	105800	19	2	26676256	rs114575418	26676256	26676256	g/a
2:26713528:C_T	t	c	0.006	0	0.006	0.006	0.7658	0.672	-2.047	1.168	-0.4513	3.096	0.2127	+????	-????	0	0	1	44177	2	2	26713528	rs190532895	26713528	26713528	c/t
2:26686389:C_G	c	g	0.0243	0.0043	0.0049	0.0255	-0.2783	0.06474	0.1532	0.1633	-0.004188	19.168	6.881e-05	+-?+-	-+?-+	15.252	6	0.01839	850135	39	2	26686389	rs76162373	26686389	26686389	g/a/c/t
2:26704869:A_G	a	g	0.0012	0	0.0012	0.0012	2.304	1.722	-3.752	2.81	-2.967	2.215	0.3303	+????	-????	0	0	1	35494	1	2	26704869	rs114753316	26704869	26704869	g/a
2:26681087:C_T	t	c	0.003	0	0.003	0.003	-0.1889	0.9448	-0.5701	1.682	-0.8924	0.338	0.8447	-????	-????	0	0	1	44177	2	2	26681087	rs146222060	26681087	26681087	c/t
2:26699928:A_C	a	c	0.0096	0	0.0096	0.0096	0.4952	0.4919	-1.041	0.859	-0.2415	1.615	0.4459	+????	-????	0	0	1	51547	5	2	26699928	rs183116477	26699928	26699928	c/a
2:26703466:C_T	t	c	0.9974	0	0.9974	0.9974	-1.085	0.3746	-0.07184	0.8373	-0.1399	10.756	0.004617	?-???	?-???	0	0	1	252530	4	2	26703466	rs191134544	26703466	26703466	t/c
2:26674633:G_T	t	g	0.4795	0.1792	0.1682	0.6082	-0.2184	0.0179	0.05181	0.04352	-0.0003186	166.136	8.397e-37	-----	+++++	5.378	8	0.7165	1178920	103	2	26674633	rs1275957	26674633	26674633	g/c/t
2:26684681:A_G	a	g	0.0011	0	0.0011	0.0011	0.7446	1.767	-1.433	2.838	-3.122	0.274	0.8721	+????	-????	0	0	1	35494	1	2	26684681	rs368917560	26684681	26684681	g/a
2:26686072:C_T	t	c	0.0475	0.0104	0.0107	0.051	0.1465	0.04497	-0.02979	0.1111	-0.002018	11.929	0.002568	++?++	--?--	2.182	6	0.9022	900506	61	2	26686072	rs79833266	26686072	26686072	c/t
2:26699982:C_T	t	c	0.9808	0.004	0.9797	0.9967	0.1311	0.07573	-0.08507	0.1866	-0.005733	3.071	0.2153	-+?+?	+-?-?	3.333	4	0.5037	822060	31	2	26699982	rs72800458	26699982	26699982	t/c
2:26707588:C_T	t	c	0.9885	0.0051	0.9851	0.9963	0.4969	0.3318	-0.5524	0.5955	-0.11	2.256	0.3237	+??+?	-??+?	3.738	2	0.1543	88419	10	2	26707588	rs145085191	26707588	26707588	t/c
2:26708804:C_G	c	g	0.0115	0.0051	0.0037	0.0149	-0.4788	0.3319	0.523	0.5956	-0.1101	2.088	0.352	-??-?	+??-?	3.676	2	0.1591	88419	10	2	26708804	rs144511503	26708804	26708804	g/c
2:26708502:C_T	t	c	0.9973	0	0.9973	0.9973	-0.2855	1.108	0.3698	1.866	-1.228	0.07	0.9658	-????	+????	0	0	1	35494	1	2	26708502	rs576151234	26708502	26708502	t/c
2:26693978:C_G	c	g	0.4271	0.1468	0.2818	0.7111	0.2832	0.01769	-0.05311	0.04283	-0.0003126	290.936	6.669e-64	+++++	-----	40.471	8	2.617e-06	1187410	105	2	26693978	rs34004783	26693978	26693978	c/g/t
2:26709937:C_T	t	c	0.0069	0.0013	0.0015	0.0072	0.1423	0.1424	0.5349	0.3481	-0.02025	5.538	0.06274	-+?+?	-+?+?	7.53	4	0.1104	696808	16	2	26709937	rs142436746	26709937	26709937	c/t
2:26708262:A_T	a	t	0.0186	0.009	0.0034	0.024	-0.2093	0.2411	0.5241	0.4436	-0.05807	1.468	0.4799	-??-?	+??+?	0.152	2	0.9269	102707	16	2	26708262	rs114730814	26708262	26708262	t/a/c
2:26691313:G_T	t	g	0.9488	0	0.9488	0.9488	0.335	1.059	-0.5895	2.437	-1.06	0.115	0.944	?+???	?-???	0	0	1	1652	1	2	26691313	rs144100461	26691313	26691313	t/g
2:26684347:C_T	t	c	0.0143	0.0026	0.0026	0.0149	0.1406	0.08836	-0.1519	0.2148	-0.007802	2.537	0.2813	++?+?	--?-?	5.981	4	0.2006	790999	26	2	26684347	rs144905606	26684347	26684347	c/a/t
2:26714740:G_T	t	g	0.0038	9e-04	0.0028	0.0046	0.1052	0.6539	-1.028	1.153	-0.4274	0.97	0.6158	+??+?	-??-?	0.017	2	0.9915	62218	3	2	26714740	rs192645691	26714740	26714740	g/t
2:26681643:G_T	t	g	0.025	0	0.025	0.025	-0.2286	0.1682	0.2066	0.394	-0.02828	1.85	0.3965	??-??	??+??	0	0	1	158143	2	2	26681643	rs144937296	26681643	26681643	g/a/t
2:26699831:A_G	a	g	0.0305	0.0147	0.0052	0.039	0.148	0.1843	-0.0785	0.3407	-0.03385	0.703	0.7036	+??-?	-??+?	0.756	2	0.6852	106261	19	2	26699831	rs6706454	26699831	26699831	g/a
2:26709326:A_G	a	g	0.0107	0	0.0107	0.0107	-0.1306	0.2539	0.3492	0.5943	-0.0644	0.43	0.8064	??-??	??+??	0	0	1	157596	1	2	26709326	rs191885311	26709326	26709326	g/a/c
2:26690534:C_T	t	c	0.0053	0	0.0053	0.0053	0.09775	0.7238	-1.083	1.256	-0.5231	0.938	0.6256	+????	-????	0	0	1	44177	2	2	26690534	rs138370854	26690534	26690534	c/t
2:26678717:C_G	c	g	0.9989	0	0.9989	0.9989	-1.329	1.864	3.267	2.937	-3.474	1.238	0.5386	-????	+????	0	0	1	35494	1	2	26678717	rs966330167	26678717	26678717	c/g
2:26700582:C_G	c	g	0.991	0.0027	0.9897	0.9965	0.5003	0.4258	-0.8721	0.7347	-0.1813	1.766	0.4135	+??+?	-??+?	5.826	2	0.05431	75875	8	2	26700582	rs182140041	26700582	26700582	c/g/t
2:26680978:A_T	a	t	0.0034	0	0.0034	0.0034	0.48	0.1984	0.02109	0.4962	-0.03939	7.066	0.02922	?+???	?+???	0	0	1	645636	8	2	26680978	rs549299757	26680978	26680978	t/a
2:26684027:C_T	t	c	0.0017	0	0.0017	0.0017	0.6546	1.824	4.157	3.346	-3.322	3.067	0.2158	???+?	???+?	0	0	1	11748	1	2	26684027	rs369973425	26684027	26684027	c/t
2:26687688:C_T	t	c	0.431	0.1716	0.3233	0.7613	0.2366	0.01812	-0.04577	0.04411	-0.0003264	192.618	1.491e-42	+++++	-----	18.352	8	0.01874	1182220	104	2	26687688	rs1275983	26687688	26687688	t/c
2:26703876:G_T	t	g	0.8546	0.0751	0.8066	0.9721	0.007659	0.08471	-0.1757	0.1615	-0.00709	1.491	0.4744	-??+?	-??+?	5.505	2	0.06377	121729	26	2	26703876	rs6748589	26703876	26703876	t/g
2:26705060:C_G	c	g	0.0107	0	0.0107	0.0107	-0.1306	0.2539	0.3492	0.5943	-0.0644	0.43	0.8064	??-??	??+??	0	0	1	157596	1	2	26705060	rs552143794	26705060	26705060	g/c
2:26689214:C_T	t	c	0.9978	0	0.9978	0.9978	-0.3927	0.4279	0.2207	0.9409	-0.1831	0.884	0.6426	?-???	?+???	0	0	1	247726	3	2	26689214	rs191873477	26689214	26689214	t/c
2:26686224:C_T	t	c	0.0025	0	0.0025	0.0025	1.861	1.159	-2.479	1.933	-1.346	2.736	0.2547	+????	-????	0	0	1	35494	1	2	26686224	rs186939522	26686224	26686224	c/a/g/t
2:26687628:A_G	a	g	0.0357	0.008	0.0077	0.0699	0.1014	0.05144	-0.006573	0.1265	-0.002643	4.553	0.1026	+++++	-++--	12.146	8	0.1448	873970	55	2	26687628	rs77906287	26687628	26687628	g/a/t
2:26673141:G_T	t	g	0.0195	0.0107	0.0023	0.0262	0.1017	0.2396	-0.2088	0.4375	-0.0573	0.266	0.8754	+??+?	-??+?	1.321	2	0.5166	95121	15	2	26673141	rs115841398	26673141	26673141	g/a/c/t
2:26709544:C_T	t	c	0.0114	0.0025	0.0027	0.0121	0.2836	0.1011	-0.1054	0.2431	-0.01022	8.521	0.01412	-+?-?	--?+?	5.367	4	0.2517	781820	22	2	26709544	rs151293409	26709544	26709544	c/g/t
2:26700031:A_G	a	g	0.0024	1e-04	0.0015	0.0024	-0.01387	0.2381	0.1998	0.5696	-0.05667	0.132	0.9359	?-?+?	?+?+?	5.379	2	0.06791	657523	10	2	26700031	rs188060535	26700031	26700031	g/a/t
2:26696558:A_G	a	g	0.0035	0	0.0035	0.0035	-0.1742	1.233	-0.7464	2.901	-1.504	0.142	0.9315	???-?	???-?	0	0	1	14976	1	2	26696558	rs972331314	26696558	26696558	g/a/c
2:26709969:C_T	t	c	0.9984	4e-04	0.9972	0.9985	-0.9143	0.4862	0.5433	1.002	-0.2358	3.713	0.1562	?-?-?	?+?+?	1.237	2	0.5388	247454	4	2	26709969	rs193003173	26709969	26709969	t/c
2:26709892:A_C	a	c	0.0015	0	0.0015	0.0015	0.05985	1.489	-1.967	2.478	-2.217	0.928	0.6286	+????	-????	0	0	1	35494	1	2	26709892	rs558332838	26709892	26709892	c/a
2:26699808:C_T	t	c	0.0013	0	0.0013	0.0013	2.177	1.603	-1.391	2.599	-2.568	1.992	0.3694	+????	-????	0	0	1	35494	1	2	26699808	rs372824001	26699808	26699808	c/a/t
2:26705157:G_T	t	g	0.0094	0	0.0094	0.0094	-0.1906	2.445	-1.124	4.057	-5.98	0.171	0.918	??-??	??-??	0	0	1	1750	1	2	26705157	rs145268476	26705157	26705157	g/a/c/t
2:26691062:A_G	a	g	0.5009	0.1784	0.3604	0.7964	0.3027	0.01769	-0.02397	0.043	-0.0003111	342.758	3.725e-75	+++++	-+---	32.519	8	7.516e-05	1187410	105	2	26691062	rs736699	26691062	26691062	a/c/g
2:26712568:A_G	a	g	0.0014	0	0.0014	0.0014	0.2727	1.722	1.539	2.494	-2.964	1.032	0.5968	+????	+????	0	0	1	35494	1	2	26712568	rs112902315	26712568	26712568	g/a
2:26684622:A_G	a	g	0.9989	0	0.9989	0.9989	-1.269	0.8633	2.416	2.079	-0.7452	2.529	0.2824	??-??	??+??	0	0	1	157596	1	2	26684622	rs1278890465	26684622	26684622	a/g
2:26702774:G_T	t	g	0.0352	0.0169	0.006	0.045	-0.01682	0.1723	0.03428	0.3191	-0.02959	0.014	0.9931	+??-?	-??+?	0.611	2	0.7367	106261	19	2	26702774	rs138397099	26702774	26702774	g/t
2:26710110:C_G	c	g	0.0051	0.0013	0.0012	0.0097	-0.02232	0.1612	0.2642	0.3862	-0.02593	0.494	0.7811	-+?-?	++?+?	4.403	4	0.3542	697393	12	2	26710110	rs146287982	26710110	26710110	g/a/c
2:26706228:A_G	a	g	0.0466	0.0119	0.0216	0.0914	0.1181	0.04057	0.05774	0.09726	-0.001642	12.406	0.002024	++++-	-+-++	11.316	8	0.1844	1167070	81	2	26706228	rs74887298	26706228	26706228	g/a/c
2:26684797:C_T	t	c	0.0111	0	0.0111	0.0111	1.774	2.2	-1.906	3.811	-4.837	0.652	0.7218	??+??	??-??	0	0	1	1750	1	2	26684797	rs540005052	26684797	26684797	c/t
2:26712713:A_G	a	g	0.9989	0	0.9989	0.9989	0.03646	0.8733	1.142	2.112	-0.7624	0.377	0.828	??+??	??+??	0	0	1	157596	1	2	26712713	rs181328636	26712713	26712713	a/g
2:26675561:G_T	t	g	0.0095	0.0029	0.0027	0.0107	0.1931	0.4109	0.02211	0.7807	-0.1687	0.326	0.8497	+??-?	+??-?	1.795	2	0.4076	77515	7	2	26675561	rs192621070	26675561	26675561	g/t
2:26712488:C_T	t	c	0.0136	0.0024	0.0031	0.0143	0.07143	0.08653	0.04551	0.2075	-0.007483	1.066	0.587	++?+?	+-?+?	4.946	4	0.2929	815837	28	2	26712488	rs145883893	26712488	26712488	c/t
2:26701251:A_G	a	g	0.0016	0	0.0016	0.0016	-3.315	1.922	3.781	4.062	-3.691	2.991	0.2241	???-?	???+?	0	0	1	14976	1	2	26701251	rs559962274	26701251	26701251	g/a
2:26707936:A_G	a	g	0.0038	0	0.0038	0.0038	-0.1273	0.45	1.533	1.058	-0.2024	2.233	0.3274	??-??	??+??	0	0	1	157596	1	2	26707936	rs888626015	26707936	26707936	g/a
2:26674517:A_G	a	g	0.0014	2e-04	0.0014	0.0025	-0.1323	0.3505	0.1479	0.8952	-0.1229	0.143	0.9311	?-?+?	?+?-?	1.206	2	0.5473	594196	4	2	26674517	rs572231712	26674517	26674517	g/a
2:26704960:A_G	a	g	0.9983	0	0.9983	0.9983	-2.159	1.382	4.1	2.413	-1.912	3.402	0.1825	-????	+????	0	0	1	35494	1	2	26704960	rs1031037304	26704960	26704960	a/g
2:26706414:G_T	t	g	0.4796	0.1542	0.3096	0.7765	0.2907	0.01749	-0.03746	0.04229	-0.0003055	319.316	4.585e-70	+++++	-----	51.822	8	1.821e-08	1187410	105	2	26706414	rs13394970	26706414	26706414	t/g
2:26703884:G_T	t	g	0.0037	0	0.0037	0.0037	0.02348	0.2861	-0.2682	0.9339	-0.08181	0.083	0.9596	?+???	?-???	0	0	1	329319	1	2	26703884	rs537051217	26703884	26703884	g/a/t
2:26699294:A_G	a	g	0.0138	0.0043	0.0031	0.0155	-0.03837	0.3011	0.3995	0.5575	-0.09061	0.608	0.7377	+??-?	+??-?	1.276	2	0.5282	85618	12	2	26699294	rs138425138	26699294	26699294	g/a
2:26705229:A_G	a	g	0.3533	0.182	0.2065	0.7067	0.2836	0.01886	-0.02139	0.04588	-0.0003551	265.127	2.681e-58	+++++	++---	27.175	8	0.0006593	1187410	105	2	26705229	rs1731247	26705229	26705229	a/g/t
2:26687002:A_G	a	g	0.0048	7e-04	0.0019	0.0049	0.1146	0.2446	-0.6707	0.5448	-0.05968	1.524	0.4667	?+?-?	?-?-?	0.25	2	0.8823	301272	10	2	26687002	rs149801114	26687002	26687002	g/a/t
2:26713632:A_G	a	g	0.9415	0.0978	0.7646	0.999	0.06003	0.07826	-0.08933	0.1486	-0.006035	0.645	0.7244	+-?+?	-+?+?	6.075	4	0.1936	371630	28	2	26713632	rs13398601	26713632	26713632	a/g
2:26698281:A_G	a	g	0.0049	0.004	0.0034	0.0164	0.02025	0.1693	0.2638	0.3644	-0.02862	0.788	0.6744	+-?+?	++?+?	0.514	4	0.9722	705352	20	2	26698281	rs147825317	26698281	26698281	g/a/t
2:26711868:A_G	a	g	0.073	0.0166	0.016	0.0785	-0.1203	0.03844	-0.08362	0.095	-0.001475	15.3	0.0004759	+-?++	--?-+	10.385	6	0.1094	886828	60	2	26711868	rs67575134	26711868	26711868	g/a/c/t
2:26676526:G_T	t	g	0.9904	0	0.9904	0.9904	-0.18	0.2906	-0.3455	0.6725	-0.08445	1.134	0.5671	??-??	??-??	0	0	1	157596	1	2	26676526	rs150056278	26676526	26676526	t/g
2:26674174:C_T	t	c	0.0029	1e-04	0.0025	0.0029	-0.391	0.3805	0.9166	0.8098	-0.1447	1.597	0.45	?-?-?	?+?+?	3.784	2	0.1508	254007	4	2	26674174	rs183668586	26674174	26674174	c/t
2:26680342:A_C	a	c	0.9964	0	0.9964	0.9964	0.7071	0.9927	-0.6259	1.65	-0.9853	0.511	0.7745	+????	-????	0	0	1	35494	1	2	26680342	rs534236992	26680342	26680342	a/c
2:26692748:C_G	c	g	0.0079	0.0022	0.0017	0.0088	0.4014	0.1826	0.2296	0.3958	-0.03329	8.046	0.0179	++?+?	++?-?	1.594	4	0.8099	357425	14	2	26692748	rs868836533	26692748	26692748	g/c
2:26693234:A_G	a	g	0.0053	0	0.0053	0.0053	0.2558	0.7213	-1.169	1.247	-0.5197	0.931	0.6278	+????	-????	0	0	1	44177	2	2	26693234	rs546757837	26693234	26693234	g/a
2:26705800:A_T	a	t	0.0013	0	0.0013	0.0013	1.749	0.6119	-2.575	1.293	-0.3743	8.696	0.01293	?+???	?-???	0	0	1	215543	1	2	26705800	rs183065785	26705800	26705800	t/a
2:26704655:A_G	a	g	0.0035	0	0.0035	0.0035	2.07	0.9906	-1.117	1.559	-0.9812	4.994	0.08235	+????	-????	0	0	1	38361	2	2	26704655	rs188860037	26704655	26704655	g/a
2:26708326:C_G	c	g	0.0061	0.0109	0.0016	0.0348	-0.2353	0.1568	0.6566	0.3147	-0.02451	4.639	0.09831	--?+?	++?-?	7.738	4	0.1017	692431	24	2	26708326	rs115440782	26708326	26708326	g/a/c
2:26691948:A_T	a	t	0.8717	0.0636	0.832	0.9737	0.05857	0.08984	-0.2946	0.1708	-0.007991	3.058	0.2168	-??+?	-??+?	10.306	2	0.005783	120068	25	2	26691948	rs28482911	26691948	26691948	a/t
2:26683346:A_T	a	t	0.8719	0.0449	0.7895	0.9678	0.1325	0.02751	0.02925	0.06833	-0.0007556	29.87	3.265e-07	-++++	++++-	14.433	8	0.07115	1074910	84	2	26683346	rs1275959	26683346	26683346	a/t
2:26693164:G_T	t	g	0.0017	0	0.0017	0.0017	-0.486	1.41	-2.522	2.36	-1.99	2.647	0.2662	-????	-????	0	0	1	35494	1	2	26693164	rs369557396	26693164	26693164	g/a/t
2:26680021:A_G	a	g	0.0141	0.0048	0.0022	0.0161	0.583	0.3093	-0.8501	0.5537	-0.0954	3.894	0.1427	+??-?	-??+?	6.62	2	0.03651	83730	11	2	26680021	rs114848207	26680021	26680021	g/a
2:26691919:A_G	a	g	0.5694	0.1475	0.2849	0.7042	-0.2826	0.01764	0.05151	0.04264	-0.0003105	292.083	3.758e-64	-----	+++++	42.545	8	1.07e-06	1187410	105	2	26691919	rs935168	26691919	26691919	g/a
2:26676171:A_G	a	g	0.0019	0.0018	0.0013	0.0072	-0.6948	0.2755	1.057	0.592	-0.07556	6.844	0.03265	--?+?	++?+?	4.725	4	0.3167	660185	8	2	26676171	rs11126657	26676171	26676171	g/a
2:26698524:A_G	a	g	0.0011	0	0.0011	0.0011	-1.177	1.796	-0.771	2.814	-3.228	1.239	0.5383	-????	-????	0	0	1	35494	1	2	26698524	rs1045160970	26698524	26698524	g/a
2:26714277:A_G	a	g	0.9931	0	0.9931	0.9931	0.7958	0.5841	-1.485	1.023	-0.3406	2.531	0.2821	+????	-????	0	0	1	52096	3	2	26714277	rs560196998	26714277	26714277	a/g
2:26696426:A_T	a	t	0.9977	0	0.9977	0.9977	-0.3796	0.7323	1.126	1.54	-0.536	0.572	0.7512	?-???	?+???	0	0	1	32601	1	2	26696426	rs572226527	26696426	26696426	a/t
2:26678986:A_C	a	c	0.999	0	0.999	0.999	0.5986	0.871	-1.529	1.975	-0.7586	0.748	0.688	??+??	??-??	0	0	1	157596	1	2	26678986	rs1451703334	26678986	26678986	a/c
2:26682009:A_G	a	g	0.9968	0	0.9968	0.9968	-1.088	0.924	0.7447	1.575	-0.8532	1.459	0.4822	-????	+????	0	0	1	44177	2	2	26682009	rs371125229	26682009	26682009	a/g
2:26711735:A_G	a	g	0.0061	0	0.0061	0.0061	0.5988	0.6748	-1.668	1.156	-0.4549	2.084	0.3527	+????	-????	0	0	1	44177	2	2	26711735	rs150745058	26711735	26711735	g/a
2:26698736:C_G	c	g	0.9987	0	0.9987	0.9987	-0.1064	0.7705	1.323	1.569	-0.5938	0.812	0.6663	?-???	?+???	0	0	1	47905	2	2	26698736	rs572292399	26698736	26698736	c/g
2:26703394:A_G	a	g	0.0019	0	0.0019	0.0019	0.7727	1.513	-0.5613	2.144	-2.29	0.28	0.8693	+????	-????	0	0	1	35494	1	2	26703394	rs181640777	26703394	26703394	g/a
2:26676646:C_G	c	g	0.0024	0	0.0024	0.0024	-0.1357	0.3725	0.5752	0.7858	-0.1379	0.536	0.7648	?-???	?+???	0	0	1	297632	7	2	26676646	rs557552094	26676646	26676646	g/c
2:26698662:A_T	a	t	0.9862	0.0043	0.9845	0.9969	0.03891	0.3011	-0.3962	0.5575	-0.09058	0.596	0.7422	-??+?	-??+?	1.273	2	0.5291	85617	12	2	26698662	rs137877572	26698662	26698662	a/g/t
2:26709163:C_T	t	c	0.5216	0.1543	0.2248	0.6891	-0.2935	0.01752	0.04447	0.04238	-0.0003063	322.23	1.068e-70	-----	+++-+	48.389	8	8.323e-08	1182220	104	2	26709163	rs2586886	26709163	26709163	c/g/t
2:26674119:A_T	a	t	0.0024	0	0.0024	0.0024	1.186	1.249	-1.128	1.931	-1.561	0.903	0.6366	+????	-????	0	0	1	35494	1	2	26674119	rs149314297	26674119	26674119	t/a
2:26686308:C_T	t	c	0.0024	1e-04	0.0018	0.0024	-0.2031	0.3366	0.3601	0.735	-0.1133	0.422	0.8098	?-?+?	?+?-?	0.288	2	0.8657	295303	5	2	26686308	rs181043431	26686308	26686308	c/a/t
2:26682816:C_T	t	c	0.0011	0	0.0011	0.0011	-0.5955	0.3721	0.1601	0.927	-0.1385	2.824	0.2437	?-???	?+???	0	0	1	577463	3	2	26682816	rs545545095	26682816	26682816	c/a/t
2:26696169:C_G	c	g	0.016	0	0.016	0.016	-0.01317	0.6918	1.972	1.477	-0.4763	2.248	0.325	-????	+????	0	0	1	12983	3	2	26696169	rs1275981	26696169	26696169	c/g/t
2:26703177:A_G	a	g	0.0057	0	0.0057	0.0057	-0.2469	0.3729	0.3506	0.8383	-0.1391	0.457	0.7956	??-??	??+??	0	0	1	157596	1	2	26703177	rs145051463	26703177	26703177	g/a
2:26673990:A_G	a	g	0.9988	0	0.9988	0.9988	-0.6569	0.605	0.8849	1.314	-0.366	1.217	0.5441	?-?-?	?+?-?	1.805	2	0.4055	230519	2	2	26673990	rs141543473	26673990	26673990	a/g
2:26712259:C_T	t	c	0.0049	4e-04	0.0029	0.005	0.4998	0.1683	-0.6651	0.4115	-0.0283	9.019	0.01101	?+?+?	?-?+?	9.719	2	0.007755	683369	14	2	26712259	rs115641389	26712259	26712259	c/t
2:26683773:A_G	a	g	0.9712	0.0143	0.9629	0.9958	0.3599	0.1914	0.2209	0.3571	-0.0365	7.221	0.02704	+??-?	+??-?	4.912	2	0.08577	105441	18	2	26683773	rs114424750	26683773	26683773	a/g
2:26704177:C_T	t	c	0.0516	0.0245	0.0076	0.0653	0.1649	0.1393	-0.1078	0.264	-0.01935	1.464	0.4809	+??+?	-??-?	0.645	2	0.7242	112586	21	2	26704177	rs79078535	26704177	26704177	c/t
2:26701801:A_G	a	g	0.0033	3e-04	0.002	0.0034	-0.05457	0.1871	0.2444	0.4785	-0.03501	0.271	0.8734	--???	-+???	1.191	2	0.5513	694802	8	2	26701801	rs140702494	26701801	26701801	g/a
2:26712603:C_G	c	g	0.9967	0	0.9967	0.9967	0.7361	0.905	-1.183	1.577	-0.8186	0.782	0.6765	+????	-????	0	0	1	44177	2	2	26712603	rs148978767	26712603	26712603	c/g
2:26681997:A_G	a	g	0.3812	0.1717	0.1261	0.7007	0.2098	0.01868	-0.03869	0.04569	-0.0003481	142.851	9.557e-32	+++++	+----	7.481	8	0.4857	1176320	103	2	26681997	rs1275958	26681997	26681997	a/g/t
2:26675408:A_G	a	g	0.866	0.0668	0.8253	0.9757	0.04837	0.08997	0.1421	0.1696	-0.008036	2.029	0.3625	+??-?	+??+?	3.415	2	0.1813	118485	25	2	26675408	rs78958728	26675408	26675408	a/c/g
2:26676767:C_T	t	c	0.9543	0.0222	0.9414	0.9925	0.1177	0.1543	-0.4476	0.2876	-0.02374	2.43	0.2968	+??-?	-??+?	1.823	2	0.4018	105802	19	2	26676767	rs7608559	26676767	26676767	t/c
2:26704448:A_G	a	g	0.001	0	0.001	0.001	1.816	1.82	-1.517	3.093	-3.312	1.01	0.6034	+????	-????	0	0	1	35494	1	2	26704448	rs570376797	26704448	26704448	g/a/c
2:26691851:A_C	a	c	0.0138	0.0042	0.0031	0.0155	-0.09736	0.2981	0.4951	0.5538	-0.08873	0.833	0.6594	-??-?	+??-?	1.364	2	0.5056	87252	13	2	26691851	rs151283176	26691851	26691851	c/a
2:26679894:C_T	t	c	0.0245	0.0124	0.0031	0.0317	-0.2404	0.2047	-0.2813	0.3824	-0.04184	3.982	0.1366	-??-?	-??-?	0.317	2	0.8534	105442	18	2	26679894	rs116817364	26679894	26679894	c/g/t
2:26693976:C_G	c	g	0.5013	0.1757	0.353	0.7831	0.3069	0.01772	-0.03533	0.04309	-0.0003123	346.946	4.588e-76	+++++	-----	30.691	8	0.0001595	1187410	105	2	26693976	rs35021474	26693976	26693976	c/g/t
2:26701955:A_C	a	c	0.3466	0.1878	0.1228	0.7052	0.2843	0.01907	-0.0178	0.0467	-0.000363	261.145	1.964e-57	+++++	++---	31.589	8	0.0001103	1187240	104	2	26701955	rs1731248	26701955	26701955	a/c
2:26680291:A_G	a	g	0.0022	0	0.0022	0.0022	4.212	1.597	-0.3716	3.029	-2.546	9.177	0.01017	???+?	???-?	0	0	1	11748	1	2	26680291	rs551686561	26680291	26680291	g/a
2:26679777:A_G	a	g	0.0288	0.015	0.0032	0.0376	0.1315	0.1915	-0.6125	0.3577	-0.03661	3.005	0.2226	+??+?	-??-?	0.435	2	0.8046	104807	17	2	26679777	rs73920334	26679777	26679777	g/a
2:26691960:C_G	c	g	0.0131	0	0.0131	0.0131	0.01684	0.3566	-0.9651	0.6438	-0.127	3.13	0.2091	+????	-????	0	0	1	70345	9	2	26691960	rs73920339	26691960	26691960	g/a/c
2:26698739:C_T	t	c	0.1456	0.0729	0.0289	0.1911	-0.003483	0.08519	0.1575	0.1624	-0.007174	1.232	0.5402	+??-?	+??-?	4.92	2	0.08544	120069	25	2	26698739	rs10200127	26698739	26698739	c/a/t
2:26694693:A_G	a	g	0.0136	0.0042	0.0031	0.0153	-0.04578	0.3028	0.3529	0.5599	-0.09161	0.448	0.7994	+??-?	+??-?	1.278	2	0.5277	85618	12	2	26694693	rs138883878	26694693	26694693	g/a/c
2:26679387:C_T	t	c	0.004	0	0.004	0.004	-1.114	0.9309	0.415	1.516	-0.8667	1.773	0.412	-????	+????	0	0	1	35494	1	2	26679387	rs150371726	26679387	26679387	c/t
2:26701245:A_G	a	g	0.0245	0.0124	0.0033	0.0317	-0.2202	0.2066	-0.2761	0.3828	-0.04254	3.497	0.174	-??+?	-??+?	2.857	2	0.2396	104807	17	2	26701245	rs145109214	26701245	26701245	g/a
2:26699275:C_T	t	c	0.003	0	0.003	0.003	1.441	1.059	-0.2128	1.708	-1.12	2.692	0.2603	+????	-????	0	0	1	35494	1	2	26699275	rs535084997	26699275	26699275	c/t
2:26705179:A_G	a	g	0.0394	0.0749	4e-04	0.1921	0.02439	0.08469	0.1015	0.1617	-0.007088	0.907	0.6354	++?-?	+-?-?	15.159	4	0.004383	449388	26	2	26705179	rs113208498	26705179	26705179	g/a
2:26686104:A_G	a	g	0.0042	0	0.0042	0.0042	-0.4813	0.8026	-0.5114	1.381	-0.6438	1.139	0.5658	-????	-????	0	0	1	44177	2	2	26686104	rs143284102	26686104	26686104	g/a
2:26698349:C_T	t	c	0.0139	0	0.0139	0.0139	-0.01064	0.5613	0.05817	1.247	-0.314	0.002	0.9989	?-???	?+???	0	0	1	12094	2	2	26698349	rs548787014	26698349	26698349	c/g/t
2:26680255:C_G	c	g	0.0378	0.0082	0.0245	0.0855	0.1239	0.07442	0.2457	0.2246	-0.00553	5.808	0.0548	++++-	++++-	7.719	8	0.4614	432936	13	2	26680255	rs551129789	26680255	26680255	g/a/c
2:26714111:G_T	t	g	0.9883	0.0052	0.9849	0.9962	0.5465	0.3292	-0.5499	0.5897	-0.1083	2.755	0.2522	+??+?	-??+?	2.503	2	0.286	88419	10	2	26714111	rs116665804	26714111	26714111	t/c/g
2:26709607:C_G	c	g	0.0244	0	0.0244	0.0244	0.4567	0.6768	-0.2084	1.535	-0.4574	0.488	0.7836	??+??	??-??	0	0	1	8514	5	2	26709607	rs138243504	26709607	26709607	g/c
2:26679011:A_G	a	g	0.9968	0	0.9968	0.9968	-1.119	0.9351	0.7122	1.577	-0.8739	1.534	0.4644	-????	+????	0	0	1	44177	2	2	26679011	rs113673514	26679011	26679011	a/g
2:26674312:C_T	t	c	0.9855	0.0049	0.9835	0.9978	-0.5356	0.2971	0.8041	0.539	-0.08804	3.608	0.1646	-??+?	+??-?	6.494	2	0.03889	85830	12	2	26674312	rs115574714	26674312	26674312	t/c
2:26673079:A_G	a	g	0.4755	0.1671	0.3034	0.7943	0.216	0.01777	-0.05705	0.04314	-0.000315	164.083	2.343e-36	+++++	-----	9.193	8	0.3263	1178980	103	2	26673079	rs1838209	26673079	26673079	a/g
2:26700784:A_C	a	c	0.0163	0	0.0163	0.0163	-0.2844	0.2569	0.3744	0.7355	-0.066	1.242	0.5373	??-??	??+??	0	0	1	73743	2	2	26700784	rs148678797	26700784	26700784	c/a/t
2:26704526:A_C	a	c	0.9961	0	0.9961	0.9961	-0.4261	0.8219	0.6012	1.505	-0.6754	0.288	0.8659	-????	+????	0	0	1	44177	2	2	26704526	rs537014227	26704526	26704526	a/c
2:26682407:C_T	t	c	0.0298	0.006	0.006	0.0316	0.1254	0.0578	-0.1093	0.1439	-0.003337	4.72	0.09442	-+?--	+-?-+	7.164	6	0.306	866170	49	2	26682407	rs76656273	26682407	26682407	c/t
2:26686629:A_G	a	g	0.0034	0.0011	0.0016	0.016	0.2009	0.3614	-0.9271	0.7471	-0.1306	1.542	0.4625	?+++?	?-+-?	0.224	4	0.9942	250088	5	2	26686629	rs75395732	26686629	26686629	g/a
2:26688342:C_G	c	g	0.0018	0	0.0018	0.0018	0.441	1.785	4.401	3.324	-3.181	3.04	0.2188	???+?	???+?	0	0	1	11748	1	2	26688342	rs369028653	26688342	26688342	g/c/t
2:26699735:G_T	t	g	0.0023	0	0.0023	0.0023	-0.5365	1.219	-0.2023	1.996	-1.486	0.412	0.8137	-????	-????	0	0	1	35494	1	2	26699735	rs571326581	26699735	26699735	g/c/t
2:26680706:A_G	a	g	0.9776	0.0115	0.9709	0.9972	0.4178	0.2163	0.1047	0.4031	-0.04663	6.072	0.04802	+??-?	+??-?	1.965	2	0.3744	104807	17	2	26680706	rs141606040	26680706	26680706	a/g
2:26710946:A_G	a	g	0.009	0	0.009	0.009	-0.1049	0.4624	0.4574	0.8712	-0.2135	0.279	0.8697	-????	+????	0	0	1	62900	5	2	26710946	rs148241763	26710946	26710946	g/a
2:26697147:A_G	a	g	0.9988	0	0.9988	0.9988	0.05208	1.658	-3.518	2.793	-2.749	2.38	0.3043	+????	-????	0	0	1	35494	1	2	26697147	rs368785387	26697147	26697147	a/g
2:26690040:A_G	a	g	0.9884	0.0026	0.9876	0.9977	-0.04914	0.1027	0.0835	0.2575	-0.01054	0.25	0.8825	--?-?	-+?+?	1.391	4	0.8458	748425	20	2	26690040	rs142330423	26690040	26690040	a/g
2:26675391:A_G	a	g	0.002	2e-04	0.0019	0.003	0.5628	0.4564	-0.4091	1.051	-0.2069	1.546	0.4616	?+?+?	?-?-?	8.434	2	0.01474	227291	2	2	26675391	rs187446776	26675391	26675391	g/a
2:26692458:G_T	t	g	0.0015	0	0.0015	0.0015	0.7315	1.499	-2.032	2.575	-2.248	0.624	0.732	+????	-????	0	0	1	35494	1	2	26692458	rs564666691	26692458	26692458	g/t
2:26708544:A_T	a	t	0.0331	0.0071	0.0062	0.0352	0.1883	0.05479	-0.1557	0.1363	-0.002996	11.878	0.002635	++?+?	--?-?	0.599	4	0.9632	861616	46	2	26708544	rs138162435	26708544	26708544	t/a
2:26712626:C_T	t	c	0.0131	0	0.0131	0.0131	-3.04	1.763	5.516	3.462	-3.101	3.667	0.1598	??-??	??+??	0	0	1	2505	1	2	26712626	rs376444190	26712626	26712626	c/g/t
2:26705047:C_T	t	c	0.0227	0.0047	0.0041	0.024	-0.09973	0.06941	-0.02032	0.1735	-0.004811	2.634	0.268	+-?-?	--?+?	1.202	4	0.8778	834521	35	2	26705047	rs113229731	26705047	26705047	c/t
2:26676468:C_T	t	c	0.9986	0	0.9986	0.9986	0.9243	1.749	1.028	2.465	-3.058	1.541	0.4627	+????	+????	0	0	1	35494	1	2	26676468	rs953650094	26676468	26676468	t/c
2:26677326:A_G	a	g	0.0017	0	0.0017	0.0017	-0.008506	0.3396	0.01168	0.8835	-0.1153	0.001	0.9997	?-???	?+???	0	0	1	544862	2	2	26677326	rs539029186	26677326	26677326	g/a
2:26697314:A_G	a	g	0.0179	0	0.0179	0.0179	0.1312	0.2179	0.2941	0.5062	-0.04746	1.229	0.5409	??+??	??+??	0	0	1	157596	1	2	26697314	rs142664957	26697314	26697314	g/a
2:26682978:C_T	t	c	0.002	0.0016	0.0014	0.007	-0.6892	0.2728	1.263	0.5967	-0.0741	7.56	0.02283	--?+?	++?+?	4.785	4	0.3101	660185	8	2	26682978	rs145275393	26682978	26682978	c/t
2:26682005:C_T	t	c	0.0029	0	0.0028	0.0029	0.2492	0.6869	-0.9114	1.282	-0.4692	0.506	0.7766	+??+?	-??+?	1.868	2	0.3929	70901	4	2	26682005	rs572218491	26682005	26682005	c/t
2:26676941:G_T	t	g	0.0108	0	0.0108	0.0108	0.3412	0.3096	-0.9574	0.7328	-0.09577	2.076	0.3542	??+??	??-??	0	0	1	157596	1	2	26676941	rs925777116	26676941	26676941	g/t
2:26706725:C_T	t	c	0.0032	0.0043	0.0015	0.0155	-0.4665	0.2107	0.9207	0.4388	-0.04428	6.3	0.04285	--?+?	++?+?	6.926	4	0.1398	709226	16	2	26706725	rs115334224	26706725	26706725	c/t
2:26698602:C_T	t	c	0.0044	2e-04	0.003	0.0044	0.2798	0.1656	-0.05333	0.3916	-0.02738	3.261	0.1958	?+?-?	?-?+?	0.932	2	0.6274	714339	14	2	26698602	rs141188079	26698602	26698602	c/t
2:26699987:A_G	a	g	0.5778	0.1489	0.2887	0.7233	-0.2781	0.01773	0.03962	0.04297	-0.000314	282.984	3.555e-62	-----	+-+++	39.966	8	3.251e-06	1183960	104	2	26699987	rs1275977	26699987	26699987	g/a
2:26714051:A_G	a	g	0.0146	0.0045	0.0031	0.0164	-0.1561	0.2912	0.3179	0.5398	-0.08469	0.414	0.8129	-??-?	+??-?	1.153	2	0.5618	87255	13	2	26714051	rs141578447	26714051	26714051	g/a
2:26706751:C_G	c	g	0.03	0	0.03	0.03	-1.578	1.499	3.297	2.746	-2.239	1.668	0.4343	-????	+????	0	0	1	1604	1	2	26706751	rs190251167	26706751	26706751	g/a/c
2:26713937:A_G	a	g	0.0102	0	0.0102	0.0102	0.3505	0.3183	-0.06713	0.7257	-0.1011	1.4	0.4966	??+??	??-??	0	0	1	159346	2	2	26713937	rs190221616	26713937	26713937	g/a
2:26690947:A_T	a	t	0.0079	0	0.0079	0.0079	-0.02347	0.767	-2.779	1.961	-0.587	2.409	0.2998	?-???	?-???	0	0	1	10064	1	2	26690947	rs775288412	26690947	26690947	t/a/c
2:26688595:C_T	t	c	0.0027	0	0.0027	0.0027	0.611	1.112	0.9299	1.845	-1.237	1.398	0.497	+????	+????	0	0	1	35494	1	2	26688595	rs547595189	26688595	26688595	c/a/t
2:26676001:C_G	c	g	0.9396	0.0552	0.7491	0.9615	-0.02529	0.03789	0.06993	0.08561	-0.001428	0.785	0.6754	+-+-+	+-+-+	12.355	8	0.136	1163100	82	2	26676001	rs7588614	26676001	26676001	c/g/t
2:26704687:C_T	t	c	0.0057	0	0.0057	0.0057	0.2416	0.6567	0.1849	1.229	-0.431	0.304	0.8591	+????	+????	0	0	1	45781	3	2	26704687	rs574247091	26704687	26704687	c/g/t
2:26707463:A_G	a	g	0.0015	0	0.0015	0.0015	-0.5413	1.7	3.214	2.41	-2.889	2.547	0.2798	-????	+????	0	0	1	35494	1	2	26707463	rs112890731	26707463	26707463	g/a/t
2:26713008:C_T	t	c	0.8753	0.0975	0.7882	0.999	0.05032	0.08172	-0.1578	0.1554	-0.006595	1.042	0.5939	+-?+?	-+?+?	7.42	4	0.1153	156087	27	2	26713008	rs115686252	26713008	26713008	t/c/g
2:26694166:C_T	t	c	0.0055	6e-04	0.0013	0.0056	0.1792	0.1404	0.2163	0.3394	-0.01968	3.267	0.1953	?+?+?	?+?+?	0.152	2	0.9268	734627	18	2	26694166	rs182959494	26694166	26694166	c/a/t
2:26686032:A_C	a	c	0.9963	0.0012	0.9947	0.9972	0.515	0.5844	-1.058	1.132	-0.3407	1.091	0.5796	+??-?	-??-?	5.188	2	0.07472	70901	4	2	26686032	rs148616596	26686032	26686032	a/c
2:26706271:C_T	t	c	0.0633	0.029	0.0133	0.0801	0.1268	0.1242	-0.2848	0.2338	-0.01535	1.681	0.4314	+??-?	-??+?	2.731	2	0.2553	115328	23	2	26706271	rs13429828	26706271	26706271	c/t
2:26711822:C_G	c	g	0.0045	0	0.0045	0.0045	1.235	0.7336	-0.7146	1.376	-0.5377	3.033	0.2195	+????	-????	0	0	1	45781	3	2	26711822	rs139152956	26711822	26711822	g/c
2:26688869:G_T	t	g	0.0055	0	0.0055	0.0055	1.308	1.041	-1.51	2.205	-1.078	1.59	0.4515	???+?	???-?	0	0	1	14976	1	2	26688869	rs187254383	26688869	26688869	g/t
2:26693835:C_T	t	c	0.9965	0	0.9965	0.9965	-0.2258	0.229	0.443	0.5733	-0.05239	1.144	0.5645	?-???	?+???	0	0	1	573490	5	2	26693835	rs149093866	26693835	26693835	t/a/c
2:26700700:C_T	t	c	0.5006	0.1762	0.3594	0.7958	0.3027	0.01769	-0.02544	0.04302	-0.0003111	342.244	4.817e-75	+++++	-+---	32.889	8	6.45e-05	1187410	105	2	26700700	rs1275979	26700700	26700700	t/c
2:26711483:C_T	t	c	0.0629	0.0983	0.0011	0.2297	-0.06014	0.07889	0.07855	0.1498	-0.006133	0.604	0.7394	-+?-?	+-?-?	5.794	4	0.2151	337272	27	2	26711483	rs10207894	26711483	26711483	c/t
2:26680543:A_G	a	g	0.0035	0	0.0035	0.0035	1.522	0.8952	-1.731	1.522	-0.8009	2.92	0.2323	+????	-????	0	0	1	44177	2	2	26680543	rs369072131	26680543	26680543	g/a
2:26675933:C_T	t	c	0.0023	0	0.0023	0.0023	-1.642	1.199	-0.4228	2.074	-1.437	3.366	0.1858	-????	-????	0	0	1	35494	1	2	26675933	rs565526894	26675933	26675933	c/t
2:26693980:C_G	c	g	0.0044	0.0088	9e-04	0.0273	0.3393	0.1916	-0.5346	0.3789	-0.03665	3.495	0.1742	++-+?	-+++?	5.811	6	0.4447	657016	21	2	26693980	rs538138902	26693980	26693980	g/c
2:26710186:A_G	a	g	0.0023	0	0.0023	0.0023	-0.5538	1.215	-0.1241	1.989	-1.475	0.393	0.8217	-????	-????	0	0	1	35494	1	2	26710186	rs139051515	26710186	26710186	g/a
2:26690660:A_G	a	g	0.0033	2e-04	0.0017	0.0033	0.4236	0.1929	-0.5244	0.4658	-0.03711	4.882	0.08706	?+?-?	?-?+?	0.848	2	0.6544	701572	12	2	26690660	rs549735555	26690660	26690660	g/a/t
2:26677507:A_G	a	g	0.9778	0.011	0.9714	0.9966	-0.3584	0.2175	0.4527	0.394	-0.04718	2.8	0.2466	-??+?	+??-?	1.896	2	0.3875	104807	17	2	26677507	rs142430137	26677507	26677507	a/g
2:26701598:C_T	t	c	0.0265	0.011	0.0077	0.033	-0.1725	0.1977	0.2926	0.3705	-0.03897	0.909	0.6349	-??-?	+??-?	4.139	2	0.1262	104807	17	2	26701598	rs13412219	26701598	26701598	c/t
2:26673627:C_T	t	c	0.99	0.0046	0.987	0.9971	-0.7045	0.3509	1.812	0.6215	-0.123	8.697	0.01293	-??-?	+??+?	0.475	2	0.7886	90575	11	2	26673627	rs113729596	26673627	26673627	t/c
2:26693444:G_T	t	g	0.0045	0	0.0045	0.0045	1.612	0.7932	-1.02	1.303	-0.6288	4.457	0.1077	+????	-????	0	0	1	45781	3	2	26693444	rs111436931	26693444	26693444	g/t
2:26680070:C_T	t	c	0.0158	0.03	5e-04	0.0765	0.1657	0.1281	-0.207	0.247	-0.01637	1.712	0.425	++?+?	--?-?	0.182	4	0.9961	442450	23	2	26680070	rs75125021	26680070	26680070	c/t
2:26681479:C_T	t	c	0.9965	0	0.9965	0.9965	-1.524	0.8952	1.733	1.523	-0.8009	2.927	0.2314	-????	+????	0	0	1	44177	2	2	26681479	rs113616253	26681479	26681479	t/c
2:26693974:C_G	c	g	0.9977	0.0032	0.988	0.9989	0.3049	0.2597	-0.2414	0.5294	-0.06723	1.398	0.4972	++?-?	+-?+?	4.204	4	0.3791	642472	12	2	26693974	rs533677414	26693974	26693974	c/g
2:26708449:A_G	a	g	0.001	0	0.001	0.001	1.925	1.819	-1.835	3.101	-3.309	1.122	0.5707	+????	-????	0	0	1	35494	1	2	26708449	rs542792299	26708449	26708449	g/a
2:26685442:A_C	a	c	0.0014	0	0.0014	0.0014	-0.5028	0.5117	0.08176	1.199	-0.2617	1.116	0.5723	?-???	?+???	0	0	1	225607	2	2	26685442	rs568017330	26685442	26685442	c/a
2:26707210:C_T	t	c	0.1485	0.0744	0.0293	0.1949	-0.01584	0.08459	0.1674	0.161	-0.007071	1.251	0.5351	+??-?	+??-?	5.299	2	0.07068	120067	25	2	26707210	rs11883570	26707210	26707210	c/t
2:26713825:C_G	c	g	0.9976	0	0.9976	0.9976	-0.0402	0.5688	-1.282	1.345	-0.3235	1.181	0.5541	??-??	??-??	0	0	1	157596	1	2	26713825	rs1189100340	26713825	26713825	c/g
2:26698929:C_T	t	c	0.0018	0	0.0018	0.0018	0.3063	1.761	4.505	3.313	-3.102	2.97	0.2265	???+?	???+?	0	0	1	11748	1	2	26698929	rs374029078	26698929	26698929	c/t
2:26693984:A_G	a	g	0.0013	0	0.0013	0.0013	-0.3003	1.669	-3.609	2.723	-2.788	3.336	0.1886	-????	-????	0	0	1	35494	1	2	26693984	rs920335039	26693984	26693984	g/a
2:26695515:C_T	t	c	0.0102	0	0.0102	0.0102	1.465	2.15	-4.51	4.45	-4.618	1.075	0.5842	??+??	??-??	0	0	1	2505	1	2	26695515	rs144302560	26695515	26695515	c/g/t
2:26681509:C_T	t	c	0.927	0.0909	0.6104	0.9601	-0.02523	0.03639	0.08238	0.08109	-0.001311	1.105	0.5755	+-+-+	+++--	14.913	8	0.06085	1155720	80	2	26681509	rs73920335	26681509	26681509	t/c
2:26683669:C_T	t	c	0.0074	0	0.0074	0.0074	0.1354	0.5585	-0.807	0.9601	-0.3117	0.798	0.671	+????	-????	0	0	1	54963	4	2	26683669	rs185454792	26683669	26683669	c/a/t
2:26706722:A_G	a	g	0.9986	0	0.9986	0.9986	-0.2764	1.718	-1.527	2.49	-2.952	1.028	0.5982	-????	-????	0	0	1	35494	1	2	26706722	rs369163840	26706722	26706722	a/g
2:26677031:C_G	c	g	0.9794	0.0099	0.9736	0.9963	-0.3306	0.2235	-0.02301	0.4099	-0.04985	3.242	0.1977	-??-?	-??+?	1.407	2	0.4948	105442	18	2	26677031	rs188334587	26677031	26677031	c/g/t
2:26689414:A_G	a	g	0.0078	0.0025	0.0043	0.0096	0.02786	0.4125	-0.003584	0.7744	-0.1695	0.006	0.997	+??-?	+??-?	7.818	2	0.02006	80347	6	2	26689414	rs189347390	26689414	26689414	g/a
2:26682124:A_G	a	g	0.9432	0.0247	0.9289	0.9858	0.08476	0.1292	0.2309	0.2457	-0.01664	2.7	0.2592	+??-?	+??-?	2.067	2	0.3558	114781	22	2	26682124	rs115183813	26682124	26682124	a/g
2:26710854:A_T	a	t	0.9984	0	0.9984	0.9984	-0.7941	1.649	0.2884	2.319	-2.72	0.328	0.8487	-????	+????	0	0	1	35494	1	2	26710854	rs144171245	26710854	26710854	a/g/t
2:26683320:A_G	a	g	0.0264	0	0.0264	0.0264	-1.534	1.618	4.156	2.89	-2.608	2.099	0.3502	-????	+????	0	0	1	1604	1	2	26683320	rs528312988	26683320	26683320	g/a
2:26700310:A_G	a	g	0.0727	0.019	0.0148	0.0797	0.2098	0.03649	-0.07675	0.09055	-0.00133	35.605	1.856e-08	++?++	+-?++	2.059	6	0.9142	914228	70	2	26700310	rs116693164	26700310	26700310	g/a/t
2:26697449:A_G	a	g	0.0071	0.0018	0.0021	0.0085	-0.2176	0.2064	-0.06874	0.4372	-0.04255	1.662	0.4355	--?-?	--?+?	3.667	4	0.4529	319969	9	2	26697449	rs151019896	26697449	26697449	g/a
2:26701115:A_G	a	g	0.0039	3e-04	0.0018	0.0039	-0.01516	0.1964	-0.4839	0.4965	-0.03854	1.204	0.5478	?-?+?	?-?-?	1.012	2	0.6029	647540	9	2	26701115	rs188495330	26701115	26701115	g/a
2:26703633:C_G	c	g	0.0071	0.0059	0.0036	0.017	0.4055	0.1236	0.2628	0.3069	-0.01528	16.424	0.0002713	?++??	?++??	0.111	2	0.9458	891099	13	2	26703633	rs148337864	26703633	26703633	g/a/c
2:26693477:A_G	a	g	0.0228	0	0.0228	0.0228	-0.8002	0.1927	-0.08956	0.4575	-0.03707	21.826	1.822e-05	??-??	??-??	0	0	1	158143	2	2	26693477	rs144984314	26693477	26693477	g/a
2:26702097:C_G	c	g	0.9927	0	0.9927	0.9927	0.1434	0.4757	0.6332	0.8553	-0.2262	1.284	0.5262	+????	+????	0	0	1	65842	7	2	26702097	rs116560237	26702097	26702097	c/g/t
2:26689778:A_G	a	g	0.0035	0	0.0035	0.0035	0.2561	0.8781	-0.5572	1.607	-0.7705	0.135	0.9347	+????	-????	0	0	1	44177	2	2	26689778	rs141663024	26689778	26689778	g/a
2:26690788:A_G	a	g	0.0263	0	0.0263	0.0263	-1.582	1.62	4.237	2.893	-2.614	2.182	0.336	-????	+????	0	0	1	1604	1	2	26690788	rs540141175	26690788	26690788	g/a
2:26696256:A_G	a	g	0.005	0	0.005	0.005	-0.08562	0.4658	0.4239	1.113	-0.2166	0.146	0.9297	?-???	?+???	0	0	1	44695	3	2	26696256	rs189119664	26696256	26696256	g/a
2:26682053:C_T	t	c	0.9431	0.0247	0.9288	0.9856	0.0859	0.1292	0.2237	0.2455	-0.01663	2.631	0.2684	+??-?	+??-?	2.357	2	0.3078	114783	22	2	26682053	rs115217517	26682053	26682053	t/c
2:26675110:C_T	t	c	0.0035	0	0.0035	0.0035	-0.6476	1.035	1.017	1.651	-1.071	0.474	0.7891	-????	+????	0	0	1	38456	2	2	26675110	rs145966560	26675110	26675110	c/t
2:26679348:A_T	a	t	0.9673	0.0775	0.7682	0.9992	0.05968	0.07932	0.1228	0.1506	-0.006222	2.565	0.2774	+-?-?	+-?+?	3.366	4	0.4985	663519	28	2	26679348	rs1004782	26679348	26679348	a/t
2:26709327:C_G	c	g	0.0121	0.0026	0.0021	0.0128	0.08294	0.09277	0.1803	0.2298	-0.00859	2.365	0.3065	++?-?	-+?-?	4.043	4	0.4002	792413	22	2	26709327	rs76378576	26709327	26709327	g/a/c/t
2:26705787:C_T	t	c	0.0014	0	0.0014	0.0014	0.1528	0.7697	-1.24	1.557	-0.5926	0.685	0.7101	?+???	?-???	0	0	1	47905	2	2	26705787	rs559867015	26705787	26705787	c/t
2:26681468:C_T	t	c	0.0011	0	0.0011	0.0011	0.6256	0.6476	0.07197	1.305	-0.4191	1.312	0.519	?+???	?+???	0	0	1	215543	1	2	26681468	rs746140781	26681468	26681468	c/t
2:26690051:C_T	t	c	0.9848	0.0072	0.9805	0.9967	-0.2987	0.2714	-0.1931	0.4959	-0.0735	2.61	0.2712	-??-?	-??-?	0.281	2	0.869	100067	14	2	26690051	rs79523580	26690051	26690051	t/c
2:26701879:A_G	a	g	0.0011	0	0.0011	0.0011	0.01446	0.863	-0.9967	1.938	-0.7447	0.321	0.8519	?+???	?-???	0	0	1	66959	2	2	26701879	rs762496949	26701879	26701879	g/a
2:26693873:C_G	c	g	0.9708	0.0598	0.8368	0.9993	0.0217	0.09382	-0.3248	0.1748	-0.008709	4.251	0.1194	--?+?	--?+?	12.48	4	0.01412	473306	26	2	26693873	rs112133517	26693873	26693873	c/g/t
2:26698172:A_G	a	g	0.1458	0.0729	0.0289	0.1913	0.001636	0.08509	0.1417	0.1623	-0.007157	1.065	0.5871	+??-?	+??-?	4.988	2	0.0826	120069	25	2	26698172	rs112966440	26698172	26698172	g/a/c
2:26694578:A_G	a	g	0.9656	0.085	0.7359	0.999	-0.02416	0.07677	-0.06375	0.1454	-0.005802	0.596	0.7424	--?+?	-+?+?	19.146	4	0.0007356	658843	28	2	26694578	rs13419164	26694578	26694578	a/g
2:26674185:A_T	a	t	0.9968	0	0.9968	0.9968	-0.5566	0.2063	0.09625	0.5178	-0.04254	8.22	0.01641	?-???	?+???	0	0	1	645636	8	2	26674185	rs529352441	26674185	26674185	a/g/t
2:26677847:A_G	a	g	0.002	0.0016	0.0014	0.0066	-0.6676	0.2658	1.248	0.5845	-0.07034	7.562	0.0228	--?+?	++?+?	3.464	4	0.4833	690980	10	2	26677847	rs13407965	26677847	26677847	g/a
2:26706124:A_G	a	g	0.9838	0.0034	0.9828	0.9969	-0.1307	0.08115	-0.2201	0.199	-0.006581	6.318	0.04246	--?+?	+-?+?	9.907	4	0.04203	816742	32	2	26706124	rs113595686	26706124	26706124	a/g
2:26679503:C_T	t	c	0.0014	0	0.0014	0.0014	2.966	2.076	-5.541	3.473	-4.288	2.902	0.2343	???+?	???-?	0	0	1	11748	1	2	26679503	rs545312542	26679503	26679503	c/t
2:26708602:C_T	t	c	0.0115	0.0051	0.0037	0.0149	-0.4941	0.3318	0.5399	0.5955	-0.11	2.227	0.3285	-??-?	+??-?	3.673	2	0.1594	88419	10	2	26708602	rs143737781	26708602	26708602	c/t
2:26675909:A_G	a	g	0.0072	0	0.0072	0.0072	0.7933	0.6223	0.4519	1.373	-0.3855	2.653	0.2654	???+?	???+?	0	0	1	26724	2	2	26675909	rs181090982	26675909	26675909	g/a
2:26673684:A_G	a	g	0.0013	0	0.0013	0.0013	1.433	1.661	-4.726	2.671	-2.76	3.225	0.1994	+????	-????	0	0	1	35494	1	2	26673684	rs139185743	26673684	26673684	g/a
2:26698159:C_T	t	c	0.0191	0.0043	0.0039	0.0394	0.05947	0.07222	0.03327	0.1788	-0.005211	0.999	0.6069	++?++	++?--	0.9	6	0.9891	850651	37	2	26698159	rs116408176	26698159	26698159	c/t
2:26711714:A_G	a	g	0.0223	0.0115	0.0029	0.0291	0.003693	0.2205	-0.1235	0.4053	-0.0485	0.124	0.9398	-??+?	-??+?	0.365	2	0.8334	103494	16	2	26711714	rs114302313	26711714	26711714	g/a
2:26694334:A_C	a	c	0.024	0	0.024	0.024	0.5668	1.09	-2.858	1.978	-1.187	2.198	0.3332	??+??	??-??	0	0	1	3651	2	2	26694334	rs116974028	26694334	26694334	c/a
2:26705208:C_T	t	c	0.046	0.0126	0.0255	0.0921	0.1033	0.04065	0.1034	0.0985	-0.001649	11.75	0.002808	-+++-	++-++	9.003	8	0.3421	1165980	79	2	26705208	rs74875607	26705208	26705208	c/t
2:26675526:C_G	c	g	0.9856	0.0048	0.9837	0.9978	-0.5581	0.2986	0.813	0.5405	-0.08891	3.817	0.1483	-??+?	+??-?	6.526	2	0.03827	85830	12	2	26675526	rs184586307	26675526	26675526	c/g
2:26686929:A_G	a	g	0.9989	0	0.9989	0.9989	1.609	1.657	-6.796	3.312	-2.749	4.215	0.1215	+????	-????	0	0	1	35494	1	2	26686929	rs189597286	26686929	26686929	a/g
2:26678526:A_G	a	g	0.0063	0	0.0063	0.0063	-0.4163	0.95	4.948	2.35	-0.9011	4.635	0.09852	?-???	?+???	0	0	1	10064	1	2	26678526	rs141609175	26678526	26678526	g/a
2:26684166:A_C	a	c	0.9579	0.0139	0.9078	0.9906	-0.05072	0.04304	-0.03491	0.105	-0.001846	2.183	0.3357	--+-+	+-+--	8.161	8	0.4179	1134490	65	2	26684166	rs59635753	26684166	26684166	a/c
2:26679309:C_G	c	g	0.0068	0	0.0068	0.0068	0.2008	0.3448	-0.9245	0.7996	-0.1179	1.346	0.5101	??+??	??-??	0	0	1	157596	1	2	26679309	rs76667052	26679309	26679309	g/c
2:26704592:C_G	c	g	0.9778	0.0113	0.9712	0.9972	0.2029	0.2159	0.3113	0.3958	-0.04652	3.279	0.194	+??+?	+??+?	1.029	2	0.5977	105258	18	2	26704592	rs116790076	26704592	26704592	c/a/g/t
2:26699194:A_G	a	g	0.6608	0.1755	0.2788	0.8658	-0.3378	0.03151	-0.009165	0.09383	-0.0009912	130.324	5.018e-29	-----	+-+++	4.89	8	0.7692	439595	20	2	26699194	rs1314982	26699194	26699194	g/a
2:26711445:A_G	a	g	0.9918	0	0.9918	0.9918	0.446	0.4813	-0.8476	0.8748	-0.2315	1.161	0.5596	+????	-????	0	0	1	59358	6	2	26711445	rs114074972	26711445	26711445	a/g
2:26690914:C_T	t	c	0.0123	0	0.0123	0.0123	0.3224	0.4263	-0.6711	0.7162	-0.1815	0.939	0.6252	+????	-????	0	0	1	52980	6	2	26690914	rs185967108	26690914	26690914	c/g/t
2:26695297:A_G	a	g	0.0027	0	0.0027	0.0027	0.1596	0.2484	0.07484	0.6102	-0.06147	0.589	0.745	?+???	?+???	0	0	1	586278	6	2	26695297	rs192366291	26695297	26695297	g/a
2:26677032:A_G	a	g	0.0478	0.0241	0.0095	0.0956	0.01726	0.04128	-0.008989	0.1009	-0.001699	0.183	0.9126	++-+-	++-+-	15.173	8	0.05586	1134490	65	2	26677032	rs111699165	26677032	26677032	g/a
2:26700154:C_T	t	c	0.0022	0	0.0022	0.0022	1.702	1.144	-0.7295	1.966	-1.309	2.582	0.2749	+????	-????	0	0	1	44177	2	2	26700154	rs113917963	26700154	26700154	c/g/t
2:26696867:C_T	t	c	0.0137	0.0042	0.0031	0.0154	-0.04326	0.3025	0.382	0.559	-0.0914	0.54	0.7635	+??-?	+??-?	1.353	2	0.5083	85618	12	2	26696867	rs140034048	26696867	26696867	c/t
2:26692099:A_G	a	g	0.011	0.0046	0.0036	0.0139	-0.3409	0.3247	0.2193	0.5927	-0.1054	1.163	0.5592	-??-?	+??-?	3.323	2	0.1898	95465	10	2	26692099	rs77930755	26692099	26692099	g/a
2:26697940:C_T	t	c	0.1	0.0474	0.0181	0.1274	-0.007904	0.1025	0.3374	0.194	-0.01042	3.981	0.1366	+??-?	+??+?	6.557	2	0.03769	115328	23	2	26697940	rs80355409	26697940	26697940	c/t
2:26675616:C_T	t	c	0.0143	0.0048	0.0022	0.0162	0.5505	0.2988	-0.8033	0.5406	-0.089	3.713	0.1562	+??-?	-??+?	6.507	2	0.03863	85830	12	2	26675616	rs143272700	26675616	26675616	c/t
2:26676848:A_G	a	g	0.0064	0.0012	0.0014	0.0067	-0.006406	0.1575	-0.3237	0.3927	-0.02479	0.843	0.6559	+-?+?	--?-?	7.863	4	0.09672	644101	9	2	26676848	rs191891167	26676848	26676848	g/a/c
2:26676942:C_T	t	c	0.0235	0.0121	0.0029	0.0306	-0.3866	0.2113	-0.1739	0.3915	-0.04449	6.22	0.0446	-??+?	-??+?	3.399	2	0.1828	104807	17	2	26676942	rs145426398	26676942	26676942	c/t
2:26705839:C_T	t	c	0.9976	0	0.9976	0.9976	-1.697	1.122	0.4253	1.926	-1.257	2.944	0.2294	-????	+????	0	0	1	44177	2	2	26705839	rs113866402	26705839	26705839	t/c
2:26688539:A_G	a	g	0.0175	0	0.0175	0.0175	0.4082	0.5048	-0.5356	1.117	-0.2545	0.67	0.7152	?+???	?-???	0	0	1	12094	2	2	26688539	rs112787204	26688539	26688539	g/a/c/t
2:26709545:A_G	a	g	0.0056	0	0.0056	0.0056	0.9263	0.3567	0.4093	0.8376	-0.1273	9.853	0.007253	??+??	??+??	0	0	1	157596	1	2	26709545	rs140565870	26709545	26709545	g/a
2:26706364:C_T	t	c	0.0021	0	0.0021	0.0021	0.3012	0.2816	-1.101	0.7	-0.07928	2.702	0.259	?+???	?-???	0	0	1	586801	4	2	26706364	rs553415986	26706364	26706364	c/t
2:26704738:C_T	t	c	0.999	0	0.999	0.999	-0.1002	1.803	-2.811	3.077	-3.249	1.366	0.5051	-????	-????	0	0	1	35494	1	2	26704738	rs935427432	26704738	26704738	t/c
2:26705608:G_T	t	g	0.0445	0.0146	0.0095	0.0911	0.1197	0.04181	0.07388	0.1023	-0.001744	12.478	0.001952	++++-	-+-++	9.163	8	0.3287	1129850	65	2	26705608	rs79255123	26705608	26705608	g/t
2:26707543:C_T	t	c	0.4924	0.1725	0.2021	0.6343	-0.2973	0.01768	0.02697	0.04302	-0.0003109	329.341	3.051e-72	-----	+++++	34.935	8	2.747e-05	1187410	105	2	26707543	rs1731243	26707543	26707543	c/t
2:26708144:A_C	a	c	0.0053	0	0.0053	0.0053	0.766	0.8309	-0.9112	1.309	-0.6903	0.871	0.6471	+????	-????	0	0	1	35494	1	2	26708144	rs550007311	26708144	26708144	c/a
2:26679275:A_G	a	g	0.9395	0.029	0.9234	0.9917	-0.1556	0.1295	0.2036	0.2481	-0.01673	1.496	0.4734	-??-?	+??+?	0.084	2	0.959	113131	22	2	26679275	rs76104268	26679275	26679275	a/g/t
2:26689229:C_T	t	c	0.9904	0	0.9904	0.9904	0.7195	0.5322	-1.495	0.9024	-0.2833	2.96	0.2276	+????	-????	0	0	1	49165	4	2	26689229	rs115710970	26689229	26689229	t/c
2:26681474:A_G	a	g	0.0035	0	0.0035	0.0035	-0.7186	0.8939	1.261	1.55	-0.7989	0.83	0.6604	-????	+????	0	0	1	47139	3	2	26681474	rs142533163	26681474	26681474	g/a
2:26675792:A_G	a	g	0.9973	0	0.9973	0.9973	-0.3974	0.3694	0.06293	0.7788	-0.1364	1.395	0.4978	?-???	?+???	0	0	1	257740	4	2	26675792	rs112096352	26675792	26675792	a/g
2:26682687:A_G	a	g	0.0138	0	0.0138	0.0138	-1.736	0.9201	3.186	1.736	-0.8247	4.571	0.1017	-????	+????	0	0	1	10287	2	2	26682687	rs112718483	26682687	26682687	g/a
2:26687456:A_G	a	g	0.0396	0.0618	0.001	0.1432	0.2353	0.09654	-0.2176	0.1852	-0.009258	5.951	0.05103	++?+?	-+?-?	0.818	4	0.9361	330871	24	2	26687456	rs72859674	26687456	26687456	g/a
2:26705661:C_T	t	c	0.9982	0	0.9982	0.9982	-1.091	1.385	1.811	2.241	-1.918	0.788	0.6745	-????	+????	0	0	1	35494	1	2	26705661	rs372480288	26705661	26705661	t/c
2:26708390:G_T	t	g	0.9836	0.0019	0.9831	0.9911	-0.005738	0.4028	-0.9071	0.8454	-0.1595	1.494	0.4738	??-+?	??--?	1.155	2	0.5613	30134	4	2	26708390	rs182131700	26708390	26708390	t/g
2:26696630:A_G	a	g	0.0348	0.086	0.0011	0.2675	0.03153	0.07646	0.05596	0.1447	-0.005755	0.665	0.717	++?-?	+-?-?	18.861	4	0.0008371	658834	28	2	26696630	rs79479010	26696630	26696630	g/a
2:26686393:C_G	c	g	0.0117	0.0062	0.0022	0.0158	0.4793	0.3364	-0.664	0.588	-0.113	2.177	0.3367	+??-?	-??-?	4.799	2	0.09075	88567	10	2	26686393	rs556098691	26686393	26686393	g/c/t
2:26678898:C_T	t	c	0.0028	0	0.0028	0.0028	-0.6715	0.9948	-0.3165	1.733	-0.9893	0.94	0.625	-????	-????	0	0	1	44177	2	2	26678898	rs1039293926	26678898	26678898	c/t
2:26702820:A_G	a	g	0.938	0.0136	0.9331	0.9798	0.1931	0.0396	-0.04522	0.09895	-0.001566	26.42	1.833e-06	-+?++	--?+-	10.286	6	0.1131	909633	66	2	26702820	rs72800463	26702820	26702820	a/g
2:26673283:C_T	t	c	0.9716	0.0144	0.9632	0.9964	0.1463	0.1883	0.1646	0.3505	-0.03541	1.706	0.4262	+??-?	+??+?	1.446	2	0.4853	105987	19	2	26673283	rs116230665	26673283	26673283	t/c
2:26714384:G_T	t	g	0.0102	0	0.0102	0.0102	0.01413	0.4472	-0.17	0.8023	-0.1999	0.056	0.9725	+????	-????	0	0	1	59452	6	2	26714384	rs150163711	26714384	26714384	g/a/c/t
2:26688641:A_C	a	c	0.5017	0.1783	0.3623	0.7987	0.3038	0.01772	-0.02728	0.04311	-0.0003124	342.505	4.226e-75	+++++	-+---	31.209	8	0.000129	1187410	105	2	26688641	rs1275984	26688641	26688641	a/c/g
2:26692756:G_T	t	g	0.4965	0.179	0.2208	0.6503	-0.3335	0.01919	0.04199	0.04711	-0.0003663	347.082	4.286e-76	-----	+++++	26.132	8	0.0009971	1078970	95	2	26692756	rs12476527	26692756	26692756	g/c/t
2:26695984:C_T	t	c	0.9984	0	0.9984	0.9984	0.09948	0.4299	0.4461	1.307	-0.1848	0.249	0.883	?+???	?+???	0	0	1	329319	1	2	26695984	rs572714785	26695984	26695984	t/c
2:26699255:A_C	a	c	0.0098	0.0091	0.0054	0.0287	0.162	0.1498	-0.3151	0.4276	-0.02243	1.316	0.5179	+-+??	-+-??	4.391	4	0.3556	407277	3	2	26699255	rs146350108	26699255	26699255	c/a
2:26688942:A_T	a	t	0.0232	0.0109	0.0045	0.0296	0.1027	0.2103	-0.03346	0.3902	-0.04414	0.283	0.8683	+??+?	-??+?	0.355	2	0.8372	105442	18	2	26688942	rs78259150	26688942	26688942	t/a
2:26701248:A_G	a	g	0.0144	0.0026	0.0026	0.0151	0.1314	0.08719	-0.0856	0.2116	-0.007598	2.328	0.3123	++?+?	--?-?	4.598	4	0.3311	792648	27	2	26701248	rs115601232	26701248	26701248	g/a/t
2:26695516:A_G	a	g	0.008	0.0155	0.0016	0.0484	-0.3465	0.1373	0.3479	0.2767	-0.01879	6.368	0.04142	--?+?	++?-?	4.841	4	0.304	692770	26	2	26695516	rs73920340	26695516	26695516	g/a
2:26706363:A_G	a	g	0.0053	0	0.0053	0.0053	0.7434	0.8328	-0.8884	1.31	-0.6935	0.817	0.6645	+????	-????	0	0	1	35494	1	2	26706363	rs539228007	26706363	26706363	g/a
2:26682176:A_G	a	g	0.0011	0	0.0011	0.0011	0.7446	1.767	-1.433	2.838	-3.122	0.274	0.8721	+????	-????	0	0	1	35494	1	2	26682176	rs367992876	26682176	26682176	g/a
2:26691923:A_C	a	c	0.9887	0	0.9887	0.9887	-0.3316	0.288	-0.2249	0.6558	-0.08289	2.218	0.33	??-??	??-??	0	0	1	161247	3	2	26691923	rs935169	26691923	26691923	a/c
2:26702077:A_G	a	g	0.9987	0	0.9987	0.9987	-0.2771	0.5948	0.4297	1.308	-0.3538	0.234	0.8895	?-???	?+???	0	0	1	215543	1	2	26702077	rs551474180	26702077	26702077	a/g
2:26702734:A_C	a	c	0.9837	0.0018	0.9832	0.9911	-0.07315	0.4039	-0.9025	0.8471	-0.1604	1.728	0.4214	??--?	??--?	1.086	2	0.581	30134	4	2	26702734	rs186473685	26702734	26702734	a/c
2:26677534:C_G	c	g	0.931	0.0327	0.9121	0.9875	-0.05444	0.1204	0.1136	0.2317	-0.01445	0.294	0.8633	-??-?	+??+?	0.748	2	0.688	115328	23	2	26677534	rs77050093	26677534	26677534	c/g
2:26701320:A_G	a	g	0.034	0.0072	0.0087	0.0363	0.1914	0.05315	0.04012	0.1317	-0.002824	16.651	0.0002423	++?++	++?+-	3.072	6	0.7997	879351	52	2	26701320	rs114494479	26701320	26701320	g/a
2:26681075:C_T	t	c	0.0068	0	0.0068	0.0068	-0.5763	0.5947	1.046	0.9742	-0.3539	1.309	0.5196	-????	+????	0	0	1	47713	4	2	26681075	rs566911661	26681075	26681075	c/a/t
2:26679538:A_G	a	g	0.9989	0	0.9989	0.9989	-0.9568	1.767	1.923	2.825	-3.122	0.485	0.7845	-????	+????	0	0	1	35494	1	2	26679538	rs376966203	26679538	26679538	a/g/t
2:26678347:A_G	a	g	0.927	0.0914	0.6095	0.9608	-0.01662	0.03636	0.08817	0.08093	-0.001309	1.188	0.5521	+-+-+	+++-+	13.744	8	0.0887	1154610	80	2	26678347	rs6707973	26678347	26678347	a/g
2:26692552:C_T	t	c	0.0031	0	0.0031	0.0031	0.6433	1.036	-1.758	1.748	-1.074	1.012	0.6028	+????	-????	0	0	1	35494	1	2	26692552	rs528648392	26692552	26692552	c/t
2:26703989:C_T	t	c	0.9194	0.0394	0.8966	0.9875	0.003558	0.1122	0.07162	0.2129	-0.01251	0.173	0.9173	+??-?	+??+?	0.629	2	0.7302	115328	23	2	26703989	rs75491817	26703989	26703989	t/a/c
2:26698416:C_T	t	c	0.9581	0.0564	0.7641	0.9931	0.4181	0.06816	-0.3741	0.1542	-0.00429	37.637	6.718e-09	++++?	----?	5.937	6	0.4303	550909	23	2	26698416	rs4665894	26698416	26698416	t/c
2:26711868:G_T	t	g	0.0134	0.0048	0.0032	0.0156	-0.01386	0.3628	0.7208	0.6384	-0.1316	1.812	0.4042	+??-?	+??-?	1.664	2	0.4353	65483	8	2	26711868	rs67575134	26711868	26711868	g/a/c/t
2:26678667:C_T	t	c	0.003	0	0.003	0.003	-0.1575	0.3227	0.5186	1.024	-0.104	0.376	0.8284	?-???	?+???	0	0	1	329319	1	2	26678667	rs138264119	26678667	26678667	c/t
2:26687318:C_T	t	c	0.999	0	0.999	0.999	0.7307	1.931	3.769	2.932	-3.726	4.3	0.1165	+????	+????	0	0	1	35494	1	2	26687318	rs919829889	26687318	26687318	t/c
2:26684776:C_T	t	c	0.0042	0	0.0042	0.0042	0.04921	0.9343	-0.717	1.464	-0.8729	0.354	0.8378	+????	-????	0	0	1	35494	1	2	26684776	rs372944961	26684776	26684776	c/t
2:26680794:A_T	a	t	0.9884	0.0035	0.9869	0.9969	0.00529	0.3465	-0.5385	0.6256	-0.12	1.048	0.5922	+??-?	-??+?	0.982	2	0.6119	80489	9	2	26680794	rs115129454	26680794	26680794	a/t
2:26695511:A_G	a	g	0.0149	0	0.0149	0.0149	1.891	2.018	-4.138	3.19	-4.078	1.705	0.4264	??+??	??-??	0	0	1	1750	1	2	26695511	rs192633230	26695511	26695511	g/a
2:26714327:A_G	a	g	0.041	0.0194	0.0061	0.0518	0.09512	0.155	0.001574	0.2938	-0.02396	0.526	0.7688	+??+?	+??-?	0.705	2	0.7031	112585	21	2	26714327	rs80318153	26714327	26714327	g/a
2:26688091:C_T	t	c	0.0678	0.0164	0.0152	0.0737	0.12	0.03774	-0.02546	0.09352	-0.001422	11.319	0.003484	++?++	+-?--	3.134	6	0.7919	911151	68	2	26688091	rs79754477	26688091	26688091	c/a/t
2:26692789:A_G	a	g	0.019	0	0.019	0.019	-1.647	1.012	0.8117	2.174	-1.023	2.836	0.2423	-????	+????	0	0	1	7919	1	2	26692789	rs1051539821	26692789	26692789	g/a
2:26691496:C_T	t	c	0.4989	0.1774	0.2004	0.636	-0.3035	0.01776	0.02407	0.04314	-0.000314	341.801	6.011e-75	-----	+-+++	30.7	8	0.0001589	1176320	103	2	26691496	rs1275988	26691496	26691496	c/t
2:26677276:A_G	a	g	0.0132	0.0054	0.0042	0.0164	0.2378	0.2822	-0.5201	0.5116	-0.07947	1.148	0.5632	+??+?	-??+?	0.751	2	0.6871	100806	13	2	26677276	rs78477561	26677276	26677276	g/a
2:26707237:C_G	c	g	0.9938	0	0.9938	0.9938	0.8826	0.6464	0.1581	1.125	-0.4178	3.141	0.2079	+????	+????	0	0	1	46298	3	2	26707237	rs185530323	26707237	26707237	c/g
2:26700299:A_C	a	c	0.0257	0	0.0257	0.0257	0.01219	0.2005	-0.5272	0.4554	-0.04017	1.59	0.4516	??+??	??-??	0	0	1	164882	5	2	26700299	rs149783407	26700299	26700299	c/a
2:26688716:G_T	t	g	0.0072	0	0.0072	0.0072	0.2717	0.3314	-0.1918	0.7817	-0.1098	0.685	0.71	??+??	??-??	0	0	1	157596	1	2	26688716	rs1292114162	26688716	26688716	g/t
2:26694101:C_T	t	c	0.4987	0.176	0.2033	0.6398	-0.3026	0.01771	0.0228	0.043	-0.0003121	342.13	5.098e-75	-----	+-+++	32.789	8	6.722e-05	1178920	103	2	26694101	rs1275980	26694101	26694101	c/t
2:26677224:A_G	a	g	0.0538	0.0247	0.0114	0.0682	-0.05017	0.135	-0.288	0.2553	-0.01816	2.562	0.2777	-??-?	-??-?	0.143	2	0.9308	114423	21	2	26677224	rs77485125	26677224	26677224	g/a/c
2:26699971:A_G	a	g	0.0045	0	0.0045	0.0045	0.1259	0.7863	-0.9122	1.333	-0.6181	0.559	0.756	+????	-????	0	0	1	44177	2	2	26699971	rs146099077	26699971	26699971	g/a/t
2:26708657:C_T	t	c	0.0115	0.0051	0.0037	0.0149	-0.4922	0.3317	0.5376	0.5954	-0.11	2.21	0.3311	-??-?	+??-?	3.673	2	0.1594	88419	10	2	26708657	rs149686411	26708657	26708657	c/a/t
2:26673385:C_T	t	c	0.0039	0	0.0039	0.0039	1.063	0.8655	-1.295	1.455	-0.747	1.549	0.461	+????	-????	0	0	1	44177	2	2	26673385	rs370363266	26673385	26673385	c/t
2:26710007:C_G	c	g	0.9942	0	0.9942	0.9942	3.184	2.367	-0.7904	3.883	-5.611	2.418	0.2985	?+???	?-???	0	0	1	3108	1	2	26710007	rs779702137	26710007	26710007	c/g
2:26714081:A_G	a	g	0.9987	0	0.9987	0.9987	-2.084	1.633	0.542	2.681	-2.668	2.155	0.3404	-????	+????	0	0	1	35494	1	2	26714081	rs979743232	26714081	26714081	a/g
2:26700225:G_T	t	g	0.0019	0	0.0019	0.0019	1.457	1.853	0.337	3.214	-3.412	1.078	0.5834	???+?	???+?	0	0	1	14976	1	2	26700225	rs913794711	26700225	26700225	g/a/c/t
2:26681629:C_G	c	g	0.987	0.004	0.9854	0.9967	-0.108	0.3274	-0.1261	0.5893	-0.1071	0.337	0.8451	-??+?	-??+?	2.143	2	0.3425	81914	10	2	26681629	rs139940518	26681629	26681629	c/g/t
2:26687320:A_G	a	g	0.0039	0	0.0039	0.0039	0.01036	1.755	-0.1094	4.385	-3.068	0.001	0.9997	+????	-????	0	0	1	8683	1	2	26687320	rs867352298	26687320	26687320	g/a/t
2:26681460:C_G	c	g	0.9847	0	0.9847	0.9847	0.3185	0.2561	0.3996	0.7109	-0.06556	2.719	0.2568	??+??	??+??	0	0	1	71993	1	2	26681460	rs189743748	26681460	26681460	c/g/t
2:26691707:A_G	a	g	0.011	0.0046	0.0037	0.0139	-0.3467	0.3247	0.2327	0.5928	-0.1054	1.193	0.5508	-??-?	+??-?	3.334	2	0.1888	95464	10	2	26691707	rs114222640	26691707	26691707	g/a/c/t
2:26705943:A_G	a	g	0.3499	0.1823	0.1924	0.6998	0.28	0.01892	-0.01959	0.04586	-0.0003572	257.776	1.059e-56	+++++	-+---	24.947	8	0.001587	1167830	101	2	26705943	rs11126666	26705943	26705943	g/a/c
2:26703837:A_G	a	g	0.0366	0.0174	0.0054	0.0463	0.1385	0.1635	-0.1755	0.3123	-0.02668	0.737	0.6919	+??+?	-??-?	0.288	2	0.866	112586	21	2	26703837	rs78413318	26703837	26703837	g/a
2:26694856:C_T	t	c	0.002	0	0.002	0.002	1.141	1.322	1.551	2.153	-1.746	3.251	0.1969	+????	+????	0	0	1	35494	1	2	26694856	rs114837478	26694856	26694856	c/t
2:26682117:C_T	t	c	0.9989	0	0.9989	0.9989	-0.7446	1.767	1.433	2.838	-3.122	0.274	0.8721	-????	+????	0	0	1	35494	1	2	26682117	rs368749928	26682117	26682117	t/c
2:26710655:A_G	a	g	0.9866	0.0041	0.9849	0.9967	0.4881	0.315	-0.7632	0.5633	-0.0991	2.749	0.2529	+??+?	-??-?	0.852	2	0.6533	83094	11	2	26710655	rs143700609	26710655	26710655	a/g
2:26674703:A_G	a	g	0.9973	0	0.9973	0.9973	-1.802	1.123	3.527	1.874	-1.261	3.896	0.1425	-????	+????	0	0	1	35494	1	2	26674703	rs562892140	26674703	26674703	a/g
2:26678119:A_C	a	c	0.0096	0	0.0096	0.0096	-0.0997	0.4997	0.06418	0.9485	-0.2488	0.042	0.9794	-????	+????	0	0	1	45781	3	2	26678119	rs186775433	26678119	26678119	c/a
2:26698313:A_G	a	g	0.0012	0	0.0012	0.0012	0.5241	1.855	1.167	2.639	-3.44	0.891	0.6406	+????	+????	0	0	1	35494	1	2	26698313	rs113453609	26698313	26698313	g/a
2:26686907:C_T	t	c	0.9355	0.0309	0.9183	0.9911	-0.1467	0.1262	0.1903	0.2407	-0.01589	1.397	0.4974	-??-?	+??+?	0.091	2	0.9554	113131	22	2	26686907	rs76852316	26686907	26686907	t/c
2:26675167:C_T	t	c	0.0061	0	0.0061	0.0061	0.8099	0.6253	-1.716	1.144	-0.391	2.572	0.2764	+????	-????	0	0	1	52019	3	2	26675167	rs111432697	26675167	26675167	c/a/g/t
2:26697550:C_G	c	g	0.9863	0.0042	0.9846	0.9968	0.0483	0.3017	-0.4264	0.558	-0.09096	0.674	0.7138	-??+?	-??+?	1.397	2	0.4973	85618	12	2	26697550	rs149731902	26697550	26697550	c/g/t
2:26713960:C_T	t	c	0.0094	0	0.0094	0.0094	-0.1466	0.4634	0.1714	0.8326	-0.2148	0.101	0.9506	-????	+????	0	0	1	59452	6	2	26713960	rs139010677	26713960	26713960	c/t
2:26714429:C_T	t	c	0.0627	0.0982	0.001	0.2292	-0.07963	0.07921	0.1116	0.1501	-0.006186	1.077	0.5835	-+?-?	+-?-?	4.999	4	0.2874	337272	27	2	26714429	rs60348636	26714429	26714429	c/t
2:26706212:C_T	t	c	0.0158	0.0019	0.0083	0.0163	0.06154	0.4098	0.8341	0.8642	-0.1652	1.392	0.4986	??++?	??++?	1.262	2	0.5319	30134	4	2	26706212	rs190313951	26706212	26706212	c/t
2:26696221:C_T	t	c	0.5005	0.1762	0.2013	0.6413	-0.3033	0.01774	0.02355	0.04309	-0.000313	342.56	4.113e-75	-----	+-+++	29.605	8	0.0002482	1176320	103	2	26696221	rs1275982	26696221	26696221	c/t
2:26709928:C_T	t	c	0.4933	0.1725	0.2015	0.6354	-0.2954	0.01774	0.02299	0.04313	-0.0003129	324.709	3.093e-71	-----	+-+++	33.358	8	5.309e-05	1187410	105	2	26709928	rs1275923	26709928	26709928	c/t
2:26690330:A_G	a	g	0.0025	2e-04	0.0012	0.0025	0.371	0.2312	0.8057	0.576	-0.05348	7.551	0.02293	?+?-?	?+?+?	5.098	2	0.07817	641394	8	2	26690330	rs188798352	26690330	26690330	g/a/c/t
2:26703711:C_T	t	c	0.0138	0.0042	0.0031	0.0155	-0.08977	0.2961	0.5579	0.5512	-0.08762	1.106	0.5753	-??-?	+??-?	1.234	2	0.5394	87255	13	2	26703711	rs141471220	26703711	26703711	c/t
2:26702095:C_T	t	c	0.9837	0.0018	0.9832	0.9911	-0.07026	0.404	-0.9215	0.8464	-0.1605	1.787	0.4093	??--?	??--?	1.079	2	0.583	30134	4	2	26702095	rs188478509	26702095	26702095	t/c
2:26714352:A_G	a	g	0.0248	0.0085	0.0051	0.0284	0.2284	0.2272	-0.6972	0.4105	-0.05153	2.891	0.2357	+??-?	-??+?	6.707	2	0.03497	89300	15	2	26714352	rs116017514	26714352	26714352	g/a/t
2:26708947:C_G	c	g	0.0134	0.0041	0.0033	0.0151	-0.4934	0.3151	0.7556	0.5632	-0.0992	2.768	0.2506	-??-?	+??+?	1.009	2	0.6039	83096	11	2	26708947	rs192205278	26708947	26708947	g/c
2:26698609:C_G	c	g	0.9828	0	0.9828	0.9828	-0.1395	0.3019	0.9712	0.5624	-0.09112	3.285	0.1935	-????	+????	0	0	1	72714	11	2	26698609	rs146961587	26698609	26698609	c/g/t
2:26686605:A_G	a	g	0.0412	0.0129	0.0092	0.086	0.04565	0.04355	0.04408	0.1064	-0.001891	1.949	0.3773	++-+-	++-++	8.526	8	0.3838	1131810	64	2	26686605	rs113076024	26686605	26686605	g/a
2:26676742:A_C	a	c	0.998	0	0.998	0.998	-0.4219	1.216	2.374	2.031	-1.478	1.559	0.4586	-????	+????	0	0	1	44177	2	2	26676742	rs530629068	26676742	26676742	a/c
2:26697157:A_T	a	t	0.4981	0.1763	0.2033	0.6403	-0.3043	0.01768	0.03048	0.04301	-0.0003109	344.318	1.707e-75	-----	+++++	33.072	8	5.977e-05	1187410	105	2	26697157	rs1731249	26697157	26697157	t/a/c
2:26693272:C_G	c	g	0.9502	0.0236	0.9365	0.991	-0.1148	0.1396	0.1329	0.262	-0.0194	0.684	0.7104	-??+?	+??-?	4.511	2	0.1048	115328	23	2	26693272	rs111740015	26693272	26693272	c/g
2:26705502:A_G	a	g	0.0106	0	0.0106	0.0106	-0.1928	0.408	0.3297	0.7397	-0.1664	0.273	0.8726	-????	+????	0	0	1	67200	7	2	26705502	rs61523965	26705502	26705502	g/a
2:26675535:A_C	a	c	0.9988	0	0.9988	0.9988	-1.904	2.279	-5.729	3.691	-5.158	7.531	0.02315	???-?	???-?	0	0	1	11748	1	2	26675535	rs187842780	26675535	26675535	a/c
2:26683634:A_G	a	g	0.0241	0.0122	0.0032	0.0313	-0.4009	0.2081	-0.08667	0.3875	-0.04317	5.92	0.05182	-??+?	-??+?	3.703	2	0.157	104807	17	2	26683634	rs80291309	26683634	26683634	g/a
2:26711183:A_T	a	t	0.9851	0.007	0.9809	0.9967	-0.2391	0.2735	-0.1074	0.4984	-0.07468	1.453	0.4836	-??-?	-??-?	0.362	2	0.8345	100067	14	2	26711183	rs75794862	26711183	26711183	a/g/t
2:26707518:C_T	t	c	0.0229	0.0079	0.0031	0.026	0.1719	0.2421	-0.7489	0.4338	-0.05856	3.073	0.2151	+??-?	-??+?	13.054	2	0.001463	86100	13	2	26707518	rs73920342	26707518	26707518	c/t
2:26682870:G_T	t	g	0.9953	0	0.9953	0.9953	1.084	0.7458	0.1746	1.265	-0.5558	3.626	0.1632	+????	+????	0	0	1	47044	3	2	26682870	rs565772736	26682870	26682870	t/g
2:26714122:A_G	a	g	0.9883	0.0052	0.9849	0.9962	0.5465	0.3292	-0.5499	0.5897	-0.1083	2.755	0.2522	+??+?	-??+?	2.503	2	0.286	88419	10	2	26714122	rs114634627	26714122	26714122	a/g
2:26677626:C_T	t	c	0.0121	0	0.0121	0.0121	0.6567	0.4061	-0.4317	0.7219	-0.1647	2.757	0.252	+????	-????	0	0	1	59358	6	2	26677626	rs182128733	26677626	26677626	c/t
2:26712435:G_T	t	g	0.994	0	0.994	0.994	-0.7626	0.6741	2.139	1.168	-0.454	3.36	0.1864	-????	+????	0	0	1	44177	2	2	26712435	rs139825364	26712435	26712435	t/g
2:26675946:C_G	c	g	0.9985	0	0.9985	0.9985	0.1367	0.3578	0.2223	0.9198	-0.1279	0.325	0.8499	?+???	?+???	0	0	1	376476	5	2	26675946	rs146172671	26675946	26675946	c/g
2:26711420:A_T	a	t	0.9791	0.0107	0.9729	0.9975	-0.13	0.2228	0.7408	0.4166	-0.04955	3.348	0.1875	-??-?	+??-?	2.795	2	0.2472	105442	18	2	26711420	rs115126069	26711420	26711420	a/t
2:26714030:C_T	t	c	0.0032	0	0.0032	0.0032	0.7398	1.027	-1.547	1.712	-1.054	0.866	0.6484	+????	-????	0	0	1	35494	1	2	26714030	rs192746717	26714030	26714030	c/t
2:26694474:C_T	t	c	0.0144	0	0.0144	0.0144	0.4246	0.2569	-0.1513	0.7245	-0.066	2.894	0.2353	??+??	??-??	0	0	1	73743	2	2	26694474	rs137917724	26694474	26694474	c/a/t
2:26705556:G_T	t	g	0.0051	0	0.0051	0.0051	-0.3773	0.402	-0.8857	0.9074	-0.1615	3.29	0.193	??-??	??-??	0	0	1	159346	2	2	26705556	rs184198396	26705556	26705556	g/a/t
2:26714107:A_G	a	g	0.9941	0	0.9941	0.9941	-0.6574	0.3614	0.3681	0.8377	-0.1307	3.455	0.1777	??-??	??+??	0	0	1	157596	1	2	26714107	rs185438215	26714107	26714107	a/g
2:26712293:A_G	a	g	0.0022	0	0.0022	0.0022	0.102	0.4369	0.2074	0.9356	-0.1909	0.194	0.9074	?+???	?+???	0	0	1	247726	3	2	26712293	rs144048070	26712293	26712293	g/a
2:26713804:C_T	t	c	0.9878	0.0054	0.9843	0.9961	0.5087	0.3205	-0.5925	0.5721	-0.1027	2.551	0.2793	+??+?	-??+?	2.641	2	0.267	90651	12	2	26713804	rs567938003	26713804	26713804	t/c
2:26704739:C_T	t	c	0.0013	0	0.0013	0.0013	0.8756	1.792	1.064	2.585	-3.214	1.324	0.5158	+????	+????	0	0	1	35494	1	2	26704739	rs112481765	26704739	26704739	c/t
2:26691504:C_G	c	g	0.9883	0.0039	0.9866	0.9972	5.179e-05	0.3684	-0.3534	0.6555	-0.1356	0.424	0.8088	-??+?	-??+?	0.999	2	0.607	71690	8	2	26691504	rs144317229	26691504	26691504	c/g/t
2:26711873:G_T	t	g	0.1404	0.0758	0.0279	0.1915	-0.05668	0.08963	0.2138	0.1666	-0.007937	1.65	0.4382	-??-?	+??-?	4.827	2	0.08949	113046	25	2	26711873	rs10183982	26711873	26711873	g/a/t
2:26680017:A_G	a	g	0.0031	1e-04	0.0026	0.0031	-0.06432	0.2001	-0.81	0.4892	-0.04004	3.94	0.1395	?-?-?	?-?-?	0.484	2	0.7851	705353	11	2	26680017	rs188459480	26680017	26680017	g/a
2:26713660:C_T	t	c	0.9987	0	0.9987	0.9987	-0.665	1.794	-1.316	2.575	-3.22	1.288	0.5252	-????	-????	0	0	1	35494	1	2	26713660	rs111945253	26713660	26713660	t/c
2:26680580:C_T	t	c	0.9803	0.0102	0.9743	0.9976	-0.07834	0.2308	0.4413	0.4294	-0.05317	1.12	0.5713	-??-?	+??-?	1.741	2	0.4188	103804	16	2	26680580	rs115963285	26680580	26680580	t/c
2:26684337:A_G	a	g	0.1275	0.0605	0.0255	0.1634	-0.01327	0.09112	-0.3516	0.1733	-0.008242	6.11	0.04713	-??+?	-??-?	2.325	2	0.3127	116997	25	2	26684337	rs61376279	26684337	26684337	g/a
2:26684642:A_G	a	g	0.9843	0	0.9843	0.9843	0.2764	0.2502	0.3769	0.6928	-0.06262	2.243	0.3258	??+??	??+??	0	0	1	71993	1	2	26684642	rs190559969	26684642	26684642	a/g/t
2:26712302:A_G	a	g	0.9987	0	0.9987	0.9987	0.1471	1.776	-1.767	2.547	-3.155	0.795	0.6721	+????	-????	0	0	1	35494	1	2	26712302	rs113107427	26712302	26712302	a/g
2:26683589:C_T	t	c	0.0011	0	0.0011	0.0011	2.07	1.777	-4.911	2.864	-3.161	2.956	0.2281	+????	-????	0	0	1	35494	1	2	26683589	rs115201788	26683589	26683589	c/t
2:26693855:A_G	a	g	0.9555	0.0212	0.9437	0.9935	-0.1574	0.1495	0.1525	0.2838	-0.02231	1.109	0.5744	-??-?	+??+?	1.682	2	0.4312	112586	21	2	26693855	rs76794473	26693855	26693855	a/g
2:26710185:C_T	t	c	0.0115	0.0051	0.0037	0.0149	-0.4616	0.3318	0.5017	0.5953	-0.11	1.943	0.3786	-??-?	+??-?	3.633	2	0.1626	88419	10	2	26710185	rs75413928	26710185	26710185	c/a/g/t
2:26702031:G_T	t	g	0.9949	0	0.9949	0.9949	-0.06142	0.7329	0.4968	1.307	-0.5362	0.169	0.919	-????	+????	0	0	1	44177	2	2	26702031	rs183748965	26702031	26702031	t/g
2:26692207:A_G	a	g	0.0013	0	0.0013	0.0013	-0.02331	0.5927	-0.5741	1.397	-0.349	0.224	0.8942	?-???	?-???	0	0	1	215543	1	2	26692207	rs190790772	26692207	26692207	g/a
2:26688553:C_T	t	c	0.0155	0.0066	0.0016	0.0186	-0.1671	0.3023	-0.6107	0.534	-0.09133	3.425	0.1804	-??-?	-??+?	0.249	2	0.8831	81665	12	2	26688553	rs73920337	26688553	26688553	c/t
2:26691219:G_T	t	g	0.0059	0	0.0059	0.0059	1.59	0.6957	-0.805	1.138	-0.4836	5.979	0.05031	+????	-????	0	0	1	45781	3	2	26691219	rs113338115	26691219	26691219	g/t
2:26679473:A_T	a	t	0.9965	0	0.9965	0.9965	-1.547	0.8996	1.686	1.519	-0.8088	2.971	0.2264	-????	+????	0	0	1	44177	2	2	26679473	rs113755768	26679473	26679473	a/t
2:26710741:C_G	c	g	0.9917	0	0.9917	0.9917	1.572	2.566	5.223	4.371	-6.576	4.055	0.1317	??+??	??+??	0	0	1	1750	1	2	26710741	rs537033954	26710741	26710741	c/a/g
2:26683568:C_T	t	c	0.0423	0.014	0.0094	0.0926	0.05007	0.04298	0.03913	0.1049	-0.001842	2.222	0.3292	++-+-	++-++	8.758	8	0.3631	1134490	65	2	26683568	rs59284336	26683568	26683568	c/t
2:26700790:C_T	t	c	0.0023	3e-04	0.0022	0.0037	0.7474	0.245	0.2388	0.5933	-0.05994	12.633	0.001806	?+?+?	?-?+?	8.568	2	0.01379	660235	10	2	26700790	rs147815385	26700790	26700790	c/t
2:26702103:C_T	t	c	0.0042	0	0.0042	0.0042	-0.2458	0.7636	0.1011	1.41	-0.582	0.118	0.9425	-????	+????	0	0	1	45781	3	2	26702103	rs148997813	26702103	26702103	c/t
2:26676148:A_G	a	g	0.0031	0	0.0031	0.0031	0.5012	1.122	-0.2564	1.707	-1.258	0.236	0.8889	+????	-????	0	0	1	35494	1	2	26676148	rs115773173	26676148	26676148	g/a
2:26674415:A_G	a	g	0.0017	0	0.0017	0.0017	-2.968	2.015	6.97	3.793	-4.058	3.721	0.1556	???-?	???+?	0	0	1	14976	1	2	26674415	rs890869417	26674415	26674415	g/a
2:26674910:A_G	a	g	0.0416	0.014	0.0093	0.0911	0.04401	0.04339	0.03918	0.1062	-0.001877	1.762	0.4144	++-+-	++-+-	9.515	8	0.3007	1128070	63	2	26674910	rs78489206	26674910	26674910	g/a
2:26675301:A_G	a	g	0.9759	0.0121	0.9688	0.9965	0.4715	0.2073	-0.004997	0.3842	-0.04285	7.232	0.02689	+??+?	+??-?	1.449	2	0.4846	104807	17	2	26675301	rs78890823	26675301	26675301	a/g
2:26676587:C_G	c	g	0.0022	4e-04	0.0019	0.0027	0.5119	0.7704	0.1897	1.446	-0.5889	0.764	0.6824	+??+?	-??+?	0.042	2	0.9792	70901	4	2	26676587	rs185410890	26676587	26676587	g/c
2:26686201:C_T	t	c	0.0258	0	0.0258	0.0258	-0.1822	0.134	-0.4041	0.326	-0.01794	5.733	0.05691	??-??	??-??	0	0	1	231134	4	2	26686201	rs80282676	26686201	26686201	c/g/t
2:26713389:A_T	a	t	0.9987	0	0.9987	0.9987	0.1471	1.776	-1.767	2.547	-3.155	0.795	0.6721	+????	-????	0	0	1	35494	1	2	26713389	rs112470268	26713389	26713389	a/t
2:26699352:A_G	a	g	0.001	0	0.001	0.001	-1.757	1.833	-3.455	3.046	-3.358	5.508	0.06368	-????	-????	0	0	1	35494	1	2	26699352	rs539219958	26699352	26699352	g/a
2:26694136:C_T	t	c	0.9461	0	0.9461	0.9461	-0.1796	0.1307	0.2888	0.3015	-0.01707	2.05	0.3587	??-??	??+??	0	0	1	164882	5	2	26694136	rs117559952	26694136	26694136	t/c
2:26701414:A_G	a	g	0.0167	0.0038	0.0027	0.0178	0.1139	0.0745	0.132	0.1829	-0.005546	4.502	0.1053	++?+?	-+?-?	1.11	4	0.8927	835147	34	2	26701414	rs79650829	26701414	26701414	g/a
2:26675057:A_G	a	g	0.9961	0	0.9961	0.9961	-0.3996	0.449	-0.4701	1.035	-0.2015	1.661	0.4358	??-??	??-??	0	0	1	159346	2	2	26675057	rs183443980	26675057	26675057	a/g
2:26684092:C_G	c	g	0.0419	0	0.0419	0.0419	0.4513	1.093	0.4514	2.818	-1.171	0.288	0.8659	?+???	?+???	0	0	1	1652	1	2	26684092	rs564120380	26684092	26684092	g/c
2:26685221:C_T	t	c	0.0035	0	0.0035	0.0035	-0.7137	0.8966	1.259	1.554	-0.8037	0.818	0.6642	-????	+????	0	0	1	47139	3	2	26685221	rs547195730	26685221	26685221	c/t
2:26704568:C_T	t	c	0.0023	0	0.0023	0.0023	0.6647	1.25	1.309	1.966	-1.563	1.976	0.3723	+????	+????	0	0	1	35494	1	2	26704568	rs558293980	26704568	26704568	c/t
2:26711450:A_C	a	c	0.0679	0.0374	0.0036	0.0936	-0.01517	0.1204	-0.4289	0.2304	-0.01443	5.107	0.07781	--?+?	-+?+?	7.553	4	0.1094	126163	22	2	26711450	rs935167	26711450	26711450	a/c/g
2:26705582:A_G	a	g	0.0017	0	0.0017	0.0017	0.6462	1.475	-2.039	2.287	-2.176	0.827	0.6615	+????	-????	0	0	1	35494	1	2	26705582	rs571135242	26705582	26705582	g/a
2:26674663:C_T	t	c	0.0208	0.01	0.0037	0.0266	0.3456	0.2221	-0.1043	0.4091	-0.04923	2.91	0.2334	+??+?	-??-?	1.284	2	0.5264	105442	18	2	26674663	rs75414974	26674663	26674663	c/t
2:26712434:C_G	c	g	0.9987	0	0.9987	0.9987	0.1471	1.776	-1.767	2.547	-3.155	0.795	0.6721	+????	-????	0	0	1	35494	1	2	26712434	rs113585701	26712434	26712434	c/g/t
2:26689876:C_T	t	c	0.0137	0	0.0137	0.0137	0.3331	0.1734	0.2105	0.4423	-0.03005	5.473	0.0648	??+??	??+??	0	0	1	229589	2	2	26689876	rs150119151	26689876	26689876	c/g/t
2:26689728:C_T	t	c	0.0177	0	0.0177	0.0177	-0.1835	0.1427	0.2867	0.4445	-0.02038	1.713	0.4247	?-???	?+???	0	0	1	329319	1	2	26689728	rs529809007	26689728	26689728	c/t
2:26686797:C_T	t	c	0.9964	0	0.9964	0.9964	0.4629	0.8922	-1.04	1.519	-0.7959	0.489	0.7829	+????	-????	0	0	1	47139	3	2	26686797	rs551126457	26686797	26686797	t/c
2:26702140:A_G	a	g	0.014	0.0043	0.0031	0.0157	-0.08053	0.2952	0.585	0.5496	-0.08705	1.258	0.5331	-??-?	+??-?	1.302	2	0.5216	87255	13	2	26702140	rs145906039	26702140	26702140	g/a
2:26698995:A_T	a	t	0.0494	0.0103	0.01	0.0525	-0.1041	0.04649	0.1036	0.1148	-0.002159	5.014	0.08152	+-?-?	++?+?	3.184	4	0.5275	867417	50	2	26698995	rs115939675	26698995	26698995	t/a
2:26710292:A_G	a	g	0.0462	0.0122	0.0218	0.0925	0.1171	0.04118	0.02743	0.09841	-0.001693	10.684	0.004786	++++-	-+-++	12.514	8	0.1297	1157930	80	2	26710292	rs77052368	26710292	26710292	g/a
2:26700227:C_T	t	c	0.499	0.1763	0.2036	0.6405	-0.3035	0.01769	0.0266	0.04305	-0.0003113	343.24	2.927e-75	-----	+-+++	32.117	8	8.876e-05	1187410	105	2	26700227	rs1275978	26700227	26700227	c/t
2:26697821:C_T	t	c	0.0025	0	0.0025	0.0025	1.607	1.097	-1.05	1.887	-1.203	2.278	0.3201	+????	-????	0	0	1	44177	2	2	26697821	rs112730412	26697821	26697821	c/t
2:26706474:G_T	t	g	0.004	0	0.004	0.004	-1.014	0.9305	-2.274	1.511	-0.8655	8.807	0.01223	-????	-????	0	0	1	35494	1	2	26706474	rs73920341	26706474	26706474	g/t
2:26714005:A_G	a	g	0.0021	0	0.0021	0.0021	-0.02158	1.351	-1.93	2.2	-1.825	1.264	0.5315	-????	-????	0	0	1	35494	1	2	26714005	rs187458806	26714005	26714005	g/a
2:26713545:C_T	t	c	0.0021	0	0.0021	0.0021	-1.71	1.275	3.432	2.212	-1.625	2.707	0.2584	-????	+????	0	0	1	35494	1	2	26713545	rs555928905	26713545	26713545	c/t
2:26711233:A_G	a	g	0.0246	0.0117	0.0054	0.032	0.04693	0.2043	0.07659	0.3768	-0.04161	0.204	0.9029	+?--?	-?-+?	1.871	4	0.7594	109051	19	2	26711233	rs114557847	26711233	26711233	g/a
2:26681452:C_T	t	c	0.0139	0	0.0139	0.0139	-1.651	0.915	2.999	1.724	-0.8151	4.145	0.1259	-????	+????	0	0	1	10287	2	2	26681452	rs111432241	26681452	26681452	c/t
2:26694605:A_G	a	g	0.9971	1e-04	0.9969	0.9971	-0.02906	0.333	0.08528	0.704	-0.1108	0.016	0.9921	?-?+?	?-?+?	3.33	2	0.1892	284464	6	2	26694605	rs183224395	26694605	26694605	a/c/g
2:26687350:A_G	a	g	0.974	0.0054	0.9725	0.995	0.08579	0.06471	-0.04713	0.1623	-0.004183	1.825	0.4016	-+?+?	+-?+?	0.697	4	0.9517	841338	37	2	26687350	rs112620665	26687350	26687350	a/c/g
2:26691829:A_G	a	g	0.0059	0	0.0059	0.0059	1.616	0.6947	-0.8252	1.137	-0.4822	6.18	0.04551	+????	-????	0	0	1	45781	3	2	26691829	rs112401178	26691829	26691829	g/a/c
2:26694512:A_G	a	g	0.0037	0	0.0037	0.0037	0.009266	0.1816	0.2559	0.4639	-0.03299	0.389	0.8234	?+???	?+???	0	0	1	659308	7	2	26694512	rs191396782	26694512	26694512	g/a
2:26679881:C_T	t	c	0.0079	0	0.0079	0.0079	-0.9284	0.2255	0.1147	0.5787	-0.05085	19.289	6.478e-05	??-??	??+??	0	0	1	229589	2	2	26679881	rs145985236	26679881	26679881	c/t
2:26705695:A_T	a	t	0.97	0	0.97	0.97	1.578	1.499	-3.297	2.746	-2.239	1.668	0.4343	+????	-????	0	0	1	1604	1	2	26705695	rs566446057	26705695	26705695	a/t
2:26696207:A_T	a	t	0.0015	0	0.0015	0.0015	0.8062	0.7509	-2.648	1.578	-0.5579	2.92	0.2323	??+??	??-??	0	0	1	157596	1	2	26696207	rs1334219477	26696207	26696207	t/a
2:26708266:A_G	a	g	0.9931	0	0.9931	0.9931	0.8039	3.363	6.195	4.584	-11.3	5.099	0.0781	??+??	??+??	0	0	1	1750	1	2	26708266	rs77809921	26708266	26708266	a/g
2:26710019:A_G	a	g	0.3511	0.1825	0.2021	0.7045	0.2821	0.01896	-0.02547	0.04613	-0.0003587	258.573	7.105e-57	+++++	++---	26.39	8	0.0009005	1182220	104	2	26710019	rs1275922	26710019	26710019	a/g
2:26706998:C_G	c	g	0.9942	0	0.9942	0.9942	0.7467	0.7739	-0.7933	1.287	-0.5989	0.933	0.6272	+????	-????	0	0	1	41323	3	2	26706998	rs181053900	26706998	26706998	c/g
2:26697424:G_T	t	g	0.0246	0.0124	0.0034	0.0318	-0.2611	0.2063	-0.2006	0.3821	-0.04245	3.65	0.1612	-??+?	-??+?	3.014	2	0.2216	104807	17	2	26697424	rs115770839	26697424	26697424	g/t
2:26707482:C_T	t	c	0.985	0.0071	0.9807	0.9967	-0.2427	0.2727	-0.1308	0.4977	-0.07421	1.594	0.4507	-??-?	-??-?	0.349	2	0.8399	100067	14	2	26707482	rs75574610	26707482	26707482	t/c
2:26688601:C_G	c	g	0.9929	0	0.9929	0.9929	-0.7007	0.7279	1.365	1.121	-0.5297	1.534	0.4644	-????	+????	0	0	1	35494	1	2	26688601	rs536543255	26688601	26688601	c/g
2:26696557:C_T	t	c	0.0251	0	0.0251	0.0251	-1.503	1.663	4.099	2.972	-2.756	1.929	0.3813	-????	+????	0	0	1	1604	1	2	26696557	rs754269205	26696557	26696557	c/t
2:26707334:C_T	t	c	0.004	0	0.004	0.004	1.385	0.986	-0.7822	1.558	-0.972	2.223	0.3291	+????	-????	0	0	1	35494	1	2	26707334	rs543787932	26707334	26707334	c/t
2:26684391:A_G	a	g	0.0014	0	0.0014	0.0014	-0.5806	1.464	0.9444	2.655	-2.142	0.184	0.912	-????	+????	0	0	1	35494	1	2	26684391	rs999718781	26684391	26684391	g/a
2:26705068:A_G	a	g	0.0224	0	0.0224	0.0224	0.4476	0.1463	-0.3785	0.3682	-0.02141	9.4	0.009096	??+??	??-??	0	0	1	231339	3	2	26705068	rs139653564	26705068	26705068	g/a
2:26683249:C_T	t	c	0.0196	0.0101	0.0024	0.0256	0.09029	0.231	-0.4587	0.4295	-0.0533	1.188	0.5521	+??+?	-??+?	1.741	2	0.4187	103804	16	2	26683249	rs143261195	26683249	26683249	c/t
2:26674894:A_G	a	g	0.0016	0	0.0016	0.0016	1.495	1.475	-3.671	2.498	-2.176	2.192	0.3342	+????	-????	0	0	1	35494	1	2	26674894	rs759280218	26674894	26674894	g/a
2:26682171:G_T	t	g	0.9988	0	0.9988	0.9988	0.05978	0.4908	-0.4971	1.014	-0.2408	0.258	0.8791	?+???	?-???	0	0	1	248144	2	2	26682171	rs538175920	26682171	26682171	t/g
2:26704844:C_G	c	g	0.9954	0	0.9954	0.9954	-1.147	0.7219	1.208	1.342	-0.5207	2.527	0.2826	-????	+????	0	0	1	45781	3	2	26704844	rs1015990130	26704844	26704844	c/g
2:26675632:C_T	t	c	0.0383	0	0.0383	0.0383	0.8083	1.172	-1.654	2.821	-1.346	0.587	0.7456	?+???	?-???	0	0	1	1652	1	2	26675632	rs535265396	26675632	26675632	c/t
2:26698979:C_T	t	c	0.0223	0.0114	0.0028	0.0289	-0.1908	0.2152	-0.2818	0.3954	-0.04619	2.808	0.2456	-??-?	-??-?	1.008	2	0.6042	105258	18	2	26698979	rs149041990	26698979	26698979	c/t
2:26703823:A_C	a	c	0.0469	0.1204	0.0011	0.3809	0.07772	0.07117	-0.02351	0.131	-0.004935	1.414	0.4932	++?-?	+-?+?	13.037	4	0.0111	690035	28	2	26703823	rs6731071	26703823	26703823	c/a/g/t
2:26676353:A_G	a	g	0.0416	0.014	0.0093	0.0922	0.04518	0.04334	0.02965	0.106	-0.001872	1.682	0.4312	++-+-	++-+-	8.978	8	0.3441	1134490	65	2	26676353	rs77786658	26676353	26676353	g/a
2:26689211:A_C	a	c	0.5051	0.1729	0.2206	0.6538	-0.3013	0.01774	0.02283	0.0429	-0.0003133	338.922	2.535e-74	-----	+-+++	28.1	8	0.0004556	1168510	102	2	26689211	rs1275986	26689211	26689211	c/a/t
2:26682817:A_G	a	g	0.1281	0.0608	0.0255	0.1642	-0.02556	0.09106	-0.3462	0.1731	-0.008232	6.411	0.04055	-??+?	-??-?	2.39	2	0.3027	116997	25	2	26682817	rs73920336	26682817	26682817	g/a
2:26680763:G_T	t	g	0.9369	0.0303	0.9201	0.9914	-0.1447	0.1273	0.1946	0.2431	-0.01616	1.351	0.5088	-??-?	+??+?	0.171	2	0.9181	113131	22	2	26680763	rs112477435	26680763	26680763	t/g
2:26692079:C_T	t	c	0.0188	0	0.0188	0.0188	0.1629	0.4706	1.49	1.162	-0.2205	2.534	0.2817	?+???	?+???	0	0	1	12094	2	2	26692079	rs186070534	26692079	26692079	c/t
2:26681357:A_C	a	c	0.0194	0.0095	0.0035	0.025	0.2236	0.2425	-0.1768	0.4362	-0.05866	0.866	0.6485	+??+?	-??-?	0.381	2	0.8264	101704	15	2	26681357	rs74600898	26681357	26681357	c/a
2:26709051:C_T	t	c	0.005	5e-04	0.0016	0.0051	-0.138	0.1687	0.1802	0.4125	-0.02844	0.682	0.7112	?-?+?	?+?-?	1.446	2	0.4854	676499	13	2	26709051	rs148399657	26709051	26709051	c/t
2:26708690:A_C	a	c	0.9849	0	0.9849	0.9849	-1.362	1.988	3.608	3.171	-3.954	1.296	0.5231	??-??	??+??	0	0	1	1750	1	2	26708690	rs184239083	26708690	26708690	a/c
2:26680387:G_T	t	g	0.0086	0	0.0086	0.0086	1.175	0.7024	1.198	1.69	-0.4932	5.181	0.07497	?+???	?+???	0	0	1	12094	2	2	26680387	rs191452149	26680387	26680387	g/t
2:26712391:A_G	a	g	0.0506	0.0242	0.0073	0.0641	-0.209	0.1419	0.2197	0.2659	-0.02006	2.171	0.3377	-??+?	+??-?	1.976	2	0.3723	112582	21	2	26712391	rs115839586	26712391	26712391	g/a
2:26678169:C_T	t	c	0.2051	0	0.2051	0.2051	-0.3301	0.1722	0.6202	0.4381	-0.02927	4.206	0.1221	-????	+????	0	0	1	23112	4	2	26678169	rs73920333	26678169	26678169	c/t
2:26675853:A_G	a	g	0.0054	0.0026	0.0018	0.0073	0.1446	0.5322	-1.642	0.9575	-0.2829	3.611	0.1644	+??+?	-??-?	0.447	2	0.7998	76730	6	2	26675853	rs190405301	26675853	26675853	g/a
2:26713635:A_T	a	t	0.0118	0.0052	0.0038	0.0152	-0.5438	0.3292	0.5478	0.5896	-0.1083	2.729	0.2555	-??-?	+??-?	2.504	2	0.2859	88419	10	2	26713635	rs182972567	26713635	26713635	t/a
2:26674704:C_G	c	g	0.0513	0.0246	0.0072	0.065	-0.1691	0.1391	0.3244	0.2627	-0.01928	1.966	0.3743	-??+?	+??-?	5.102	2	0.07801	113131	22	2	26674704	rs115324838	26674704	26674704	g/a/c
2:26682156:C_G	c	g	0.954	0.1176	0.6278	0.9988	0.05827	0.07138	0.1893	0.1325	-0.004984	5.453	0.06546	+-?-?	++?+?	4.872	4	0.3007	690033	28	2	26682156	rs10208684	26682156	26682156	c/g/t
2:26694659:G_T	t	g	0.0019	0.0015	0.0014	0.0076	-0.5264	0.2717	1.532	0.6162	-0.07342	7.068	0.02918	--?+?	++?-?	5.917	4	0.2054	660185	8	2	26694659	rs150698550	26694659	26694659	g/t
2:26706724:G_T	t	g	0.0033	0.0044	0.0015	0.0155	-0.4026	0.212	0.8627	0.4413	-0.04484	5.024	0.08111	--?+?	++?+?	6.085	4	0.1929	674868	15	2	26706724	rs114765240	26706724	26706724	g/t
2:26713299:C_T	t	c	0.0101	0	0.0101	0.0101	1.203	2.627	-0.9299	4.346	-6.845	0.215	0.8979	+????	-????	0	0	1	1604	1	2	26713299	rs865846511	26713299	26713299	c/a/t
2:26689863:C_T	t	c	0.0686	0.0686	0.007	0.2483	-0.4406	0.05344	0.2788	0.1256	-0.0027	69.396	8.527e-16	----?	++++?	5.337	6	0.5014	553987	28	2	26689863	rs118150342	26689863	26689863	c/t
2:26692538:G_T	t	g	0.0011	0	0.0011	0.0011	1.751	0.8561	-1.877	2.024	-0.7329	4.188	0.1232	??+??	??-??	0	0	1	157596	1	2	26692538	rs182223283	26692538	26692538	g/c/t
2:26698347:G_T	t	g	0.0209	0.0107	0.0025	0.0271	0.1342	0.2228	-0.762	0.4171	-0.04959	3.531	0.1711	+??+?	-??+?	2.389	2	0.3028	105442	18	2	26698347	rs115648549	26698347	26698347	g/t
2:26699063:A_G	a	g	0.0506	0.0226	0.0116	0.0637	0.1375	0.138	-0.1489	0.2593	-0.01894	0.997	0.6075	+??-?	-??+?	1.925	2	0.382	115328	23	2	26699063	rs10176198	26699063	26699063	g/a
2:26698807:A_G	a	g	0.9974	0	0.9974	0.9974	0.6545	1.199	0.5075	1.834	-1.437	1	0.6067	+????	+????	0	0	1	35494	1	2	26698807	rs564006352	26698807	26698807	a/g
2:26680610:C_T	t	c	0.9737	0	0.9737	0.9737	1.368	1.621	-3.929	2.9	-2.618	1.847	0.3972	+????	-????	0	0	1	1604	1	2	26680610	rs970156675	26680610	26680610	t/c
2:26686948:G_T	t	g	0.0035	0	0.0035	0.0035	-0.1222	0.9071	-1.774	1.509	-0.8215	2.485	0.2887	-????	-????	0	0	1	44177	2	2	26686948	rs151062001	26686948	26686948	g/t
2:26702972:C_T	t	c	0.0027	0	0.0027	0.0027	-0.2502	1.14	-0.1892	1.822	-1.301	0.144	0.9306	-????	-????	0	0	1	35494	1	2	26702972	rs369782186	26702972	26702972	c/a/t
2:26678835:A_T	a	t	0.9547	0.0226	0.9415	0.9936	0.2099	0.1468	0.2378	0.2782	-0.02149	5.616	0.06032	+??-?	+??-?	6.959	2	0.03082	114423	21	2	26678835	rs75842051	26678835	26678835	a/t
2:26691780:C_T	t	c	0.0032	2e-04	0.0018	0.0032	-0.3342	0.2369	0.02577	0.6091	-0.05606	2.292	0.3179	?-?-?	?+?-?	2.004	2	0.3671	600533	6	2	26691780	rs546441089	26691780	26691780	c/g/t
2:26704446:A_G	a	g	0.9989	0	0.9989	0.9989	0.06435	0.5391	0.1332	1.699	-0.2906	0.029	0.9855	?+???	?+???	0	0	1	329319	1	2	26704446	rs779984256	26704446	26704446	a/g
2:26712717:C_G	c	g	0.0014	0	0.0014	0.0014	0.2727	1.722	1.539	2.494	-2.964	1.032	0.5968	+????	+????	0	0	1	35494	1	2	26712717	rs111492013	26712717	26712717	g/c
2:26683316:A_G	a	g	0.0015	0	0.0015	0.0015	0.5793	1.565	-0.2696	2.513	-2.448	0.162	0.9222	+????	-????	0	0	1	35494	1	2	26683316	rs867589796	26683316	26683316	g/a
2:26699251:A_C	a	c	0.8712	0	0.8712	0.8712	-0.1251	0.2178	0.4322	0.5578	-0.04715	0.689	0.7087	-????	+????	0	0	1	22567	3	2	26699251	rs76984702	26699251	26699251	a/c
2:26711372:A_G	a	g	0.0021	0	0.0021	0.0021	1.468	1.315	1.354	2.142	-1.727	4.025	0.1336	+????	+????	0	0	1	35494	1	2	26711372	rs185721221	26711372	26711372	g/a/t
2:26704126:A_G	a	g	0.0253	0.0053	0.0051	0.0477	-0.08675	0.0631	-0.08615	0.1599	-0.003978	3.274	0.1946	--?--	--?+-	3.966	6	0.6812	853480	41	2	26704126	rs111686382	26704126	26704126	g/a
2:26673704:C_G	c	g	0.0044	0	0.0044	0.0044	0.9863	0.7449	-1.226	1.375	-0.5543	1.796	0.4073	+????	-????	0	0	1	45781	3	2	26673704	rs1005721110	26673704	26673704	g/a/c
2:26696072:G_T	t	g	0.0465	0.0109	0.0094	0.0501	-0.2072	0.04664	0.1897	0.1142	-0.002172	19.758	5.123e-05	--?-+	++?++	3.931	6	0.686	877789	52	2	26696072	rs75029476	26696072	26696072	g/t
2:26701171:A_G	a	g	0.0016	0	0.0016	0.0016	2.426	1.443	-5.502	2.501	-2.08	5.095	0.07828	+????	-????	0	0	1	35494	1	2	26701171	rs562848146	26701171	26701171	g/a
2:26701150:C_G	c	g	0.9628	0.0089	0.9599	0.9928	-0.1373	0.04986	-0.2955	0.1229	-0.002481	22.406	1.363e-05	+-?-+	--?+-	7.582	6	0.2703	873227	48	2	26701150	rs57035494	26701150	26701150	c/a/g/t
2:26682712:G_T	t	g	0.9259	0.0952	0.5934	0.9601	-0.03085	0.03627	0.09404	0.0806	-0.001301	1.498	0.4729	+-+-+	+++--	15.53	8	0.04963	1160910	81	2	26682712	rs59435210	26682712	26682712	t/g
2:26674730:A_G	a	g	0.0027	0	0.0027	0.0027	-0.9534	1.014	0.9547	1.755	-1.028	0.884	0.6428	-????	+????	0	0	1	44177	2	2	26674730	rs551887380	26674730	26674730	g/a
2:26710052:C_T	t	c	0.0011	0	0.0011	0.0011	3.474	1.872	-6.21	2.844	-3.503	5.077	0.07897	+????	-????	0	0	1	35494	1	2	26710052	rs866129748	26710052	26710052	c/t
2:26674034:A_G	a	g	0.005	0	0.005	0.005	-0.6173	0.7434	0.08887	1.232	-0.5524	0.978	0.6131	-????	+????	0	0	1	47139	3	2	26674034	rs147024646	26674034	26674034	g/a
2:26673623:A_G	a	g	0.9882	0.0025	0.9875	0.9978	-0.1122	0.0943	-0.177	0.2327	-0.008875	3.26	0.1959	--?+?	+-?+?	4.025	4	0.4026	792413	22	2	26673623	rs116748350	26673623	26673623	a/g
2:26680838:C_G	c	g	0.0015	0	0.0015	0.0015	0.2262	0.5084	-0.8236	1.109	-0.2584	0.566	0.7537	?+???	?-???	0	0	1	223124	2	2	26680838	rs749393968	26680838	26680838	g/c
2:26699246:A_C	a	c	0.9359	0	0.9359	0.9359	0.2888	0.4997	0.126	1.305	-0.2465	0.45	0.7986	+????	+????	0	0	1	8683	1	2	26699246	rs143389115	26699246	26699246	a/c/g
2:26700967:C_T	t	c	0.0115	0	0.0115	0.0115	0.07262	0.273	-0.587	0.6217	-0.07446	0.919	0.6317	??+??	??-??	0	0	1	159346	2	2	26700967	rs139688190	26700967	26700967	c/t
2:26708874:G_T	t	g	0.0038	0	0.0038	0.0038	-1.318	1.122	2.918	2.682	-1.256	1.812	0.4041	?-???	?+???	0	0	1	10064	1	2	26708874	rs756185384	26708874	26708874	g/a/t
2:26687520:A_G	a	g	0.019	0	0.019	0.019	0.04644	0.233	0.4265	0.5304	-0.05423	1.024	0.5992	??+??	??+??	0	0	1	159346	2	2	26687520	rs140540818	26687520	26687520	g/a/t
2:26714202:A_G	a	g	0.0016	0	0.0016	0.0016	-1.349	1.462	1.395	2.398	-2.137	0.852	0.653	-????	+????	0	0	1	35494	1	2	26714202	rs564849463	26714202	26714202	g/a/t
2:26701921:A_C	a	c	0.0043	0	0.0043	0.0043	1.12	0.9158	-1.088	1.452	-0.8386	1.497	0.4732	+????	-????	0	0	1	35494	1	2	26701921	rs150075236	26701921	26701921	c/a
2:26703996:A_G	a	g	0.0145	0.0042	0.0039	0.0161	0.09047	0.2895	0.2909	0.5414	-0.08371	0.792	0.6732	+??+?	+??-?	1.125	2	0.5697	87255	13	2	26703996	rs150814150	26703996	26703996	g/a
2:26674412:A_G	a	g	0.0242	0	0.0242	0.0242	0.6513	1.085	-2.954	1.975	-1.176	2.308	0.3154	??+??	??-??	0	0	1	3651	2	2	26674412	rs186484564	26674412	26674412	g/a
2:26709397:A_G	a	g	0.0026	0	0.0026	0.0026	0.3118	0.261	0.4997	0.6452	-0.06812	3.318	0.1903	?+???	?+???	0	0	1	584665	5	2	26709397	rs184303833	26709397	26709397	g/a/c
2:26683258:A_G	a	g	0.9908	0.0048	0.9874	0.9976	0.1804	0.3825	-0.09558	0.679	-0.1462	0.245	0.8846	+??-?	-??+?	0.65	2	0.7226	81308	9	2	26683258	rs563188345	26683258	26683258	a/g
2:26700202:A_G	a	g	0.0052	4e-04	0.0026	0.0053	0.1728	0.1507	-0.05617	0.359	-0.0227	1.443	0.486	?+?-?	?-?+?	1.761	2	0.4146	682988	14	2	26700202	rs555621092	26700202	26700202	g/a
2:26707182:A_G	a	g	0.0011	0	0.0011	0.0011	-1.193	1.795	-0.7335	2.812	-3.224	1.234	0.5395	-????	-????	0	0	1	35494	1	2	26707182	rs976805419	26707182	26707182	g/a
2:26696466:G_T	t	g	0.9633	0.0175	0.9535	0.9946	-0.1431	0.1635	0.2028	0.3116	-0.02668	0.817	0.6646	-??-?	+??+?	0.149	2	0.928	112585	21	2	26696466	rs6741281	26696466	26696466	t/g
2:26707099:C_G	c	g	0.0017	0	0.0017	0.0017	0.5845	1.471	-2.028	2.28	-2.163	0.844	0.6558	+????	-????	0	0	1	35494	1	2	26707099	rs539964311	26707099	26707099	g/c
2:26701603:A_G	a	g	0.9926	0	0.9926	0.9926	0.6281	0.607	-1.519	1.063	-0.3682	2.115	0.3474	+????	-????	0	0	1	44177	2	2	26701603	rs59461598	26701603	26701603	a/g
2:26696561:C_T	t	c	0.6961	0.2007	0.3147	0.9425	-0.2835	0.02019	0.01646	0.04979	-0.0004068	231.332	5.847e-51	-----	--+++	27.576	8	0.000562	1181690	102	2	26696561	rs11694327	26696561	26696561	t/a/c
2:26709189:C_T	t	c	0.0047	0.001	0.0039	0.006	-0.07507	0.5288	0.7997	1.025	-0.2789	0.699	0.7049	-??+?	+??+?	5.946	2	0.05114	70901	4	2	26709189	rs144015246	26709189	26709189	c/t
2:26691271:A_G	a	g	0.0072	0	0.0072	0.0072	0.7995	0.6665	-1.8	1.142	-0.4441	2.602	0.2722	+????	-????	0	0	1	38361	2	2	26691271	rs73920338	26691271	26691271	g/a
2:26675720:C_T	t	c	0.957	0.0208	0.9449	0.9928	-0.01459	0.15	0.1709	0.2872	-0.02245	0.416	0.812	-??-?	+??-?	0.251	2	0.8819	114783	22	2	26675720	rs114751538	26675720	26675720	t/c
2:26682022:A_G	a	g	0.0022	0	0.0022	0.0022	1.462	1.287	-2.216	2.093	-1.658	1.498	0.4728	+????	-????	0	0	1	35494	1	2	26682022	rs141772300	26682022	26682022	g/a
2:26713540:A_G	a	g	0.019	0.0021	0.0155	0.0203	-0.006155	0.2074	-0.7216	0.5179	-0.04277	2.348	0.3091	??-+?	??--?	2.712	2	0.2576	104012	6	2	26713540	rs142394811	26713540	26713540	g/a
2:26704534:A_G	a	g	0.97	0	0.97	0.97	1.578	1.499	-3.297	2.746	-2.239	1.668	0.4343	+????	-????	0	0	1	1604	1	2	26704534	rs905528711	26704534	26704534	a/g
2:26713757:A_G	a	g	0.0367	0.0177	0.0055	0.0467	0.03278	0.1651	-0.0525	0.314	-0.0272	0.045	0.9778	+??+?	-??-?	0.225	2	0.8938	110342	19	2	26713757	rs146591958	26713757	26713757	g/a
2:26694605:A_C	a	c	0.9916	0.003	0.9902	0.9983	0.2757	0.4218	-0.02033	0.7808	-0.1774	0.577	0.7494	+??+?	+??-?	0.278	2	0.87	69766	7	2	26694605	rs183224395	26694605	26694605	a/c/g
2:26673934:C_T	t	c	0.0018	0	0.0018	0.0018	-0.4109	1.394	-3.366	2.309	-1.943	4.298	0.1166	-????	-????	0	0	1	35494	1	2	26673934	rs990148890	26673934	26673934	c/t
2:26687262:A_C	a	c	0.0844	0.0121	0.0636	0.1156	0.109	0.03068	0.008818	0.07397	-0.0009387	15.673	0.000395	-+-++	-++++	12.589	8	0.1268	1171160	90	2	26687262	rs59688894	26687262	26687262	c/a
