MarkerName	Allele1	Allele2	Freq1	FreqSE	MinFreq	MaxFreq	Effect	StdErr	IntEffect	IntStdErr	IntCov	ChiSq2df	Pvalue	Direction	DirectionInt	HetChiSq	HetDf	HetPVal	N	nCohort	CHR	BP	refsnp_id	chrom_start	chrom_end	allele
2:26708390:G_T	t	g	0.9911	0	0.9911	0.9911	-1.869	2.597	-1.469	4.019	-6.739	1.7	0.4275	?????-??????????	?????-??????????	0	0	1	1750	1	2	26708390	rs182131700	26708390	26708390	t/g
2:26694136:C_T	t	c	0.9461	0.0043	0.9452	0.9684	-0.1796	0.1288	0.2888	0.2971	-0.01658	2.111	0.348	-????+??-?-?-???	+????+??-?+?-???	7.718	8	0.4615	164882	5	2	26694136	rs117559952	26694136	26694136	t/c
2:26688877:C_T	t	c	0.2169	0.0079	0.2087	0.2632	-0.4794	0.04619	0.09465	0.1157	-0.002132	120.814	5.828e-27	-+-------+------	++--+++-+-----++	21.951	30	0.8558	246773	16	2	26688877	rs1275985	26688877	26688877	c/t
2:26706298:C_T	t	c	0.0342	0.0022	0.031	0.0357	-0.4724	0.9193	-0.4044	1.753	-0.8458	0.61	0.7372	????????-???-???	????????-???+???	2.217	2	0.3301	3651	2	2	26706298	rs537773957	26706298	26706298	c/a/g/t
2:26688641:A_C	a	c	0.7826	0.0079	0.737	0.7885	0.4771	0.04619	-0.08824	0.1157	-0.002132	120.123	8.234e-27	+-+++++++-++++++	--++---+-+++++--	20.772	30	0.8949	246773	16	2	26688641	rs1275984	26688641	26688641	a/c/g
2:26709607:C_G	c	g	0.0244	0.0058	0.0183	0.0346	0.4567	0.667	-0.2084	1.513	-0.4443	0.502	0.778	?????-?++?-?+???	?????+?+-?-?-???	3.532	8	0.8967	8514	5	2	26709607	rs138243504	26709607	26709607	g/c
2:26692756:G_T	t	g	0.2208	0.0074	0.2113	0.261	-0.4797	0.04582	0.09802	0.1149	-0.002098	122.717	2.25e-27	-+-------+------	++--+++-+-----+-	22.772	30	0.8245	246771	16	2	26692756	rs12476527	26692756	26692756	g/c/t
2:26700784:A_C	a	c	0.0163	4e-04	0.0137	0.0163	-0.2844	0.2532	0.3744	0.7249	-0.0641	1.279	0.5274	?????+-?????????	?????++?????????	0.027	2	0.9866	73743	2	2	26700784	rs148678797	26700784	26700784	c/a/t
2:26689876:C_T	t	c	0.0137	0.0043	0.0107	0.0201	0.3331	0.1709	0.2105	0.4359	-0.02919	5.638	0.05968	+?????+?????????	+?????+?????????	0.565	2	0.7541	229589	2	2	26689876	rs150119151	26689876	26689876	c/g/t
2:26686629:A_G	a	g	0.016	0	0.016	0.016	0.02797	1.93	0.237	3.024	-3.723	0.013	0.9934	?????+??????????	?????+??????????	0	0	1	1750	1	2	26686629	rs75395732	26686629	26686629	g/a
2:26699255:A_C	a	c	0.0287	0	0.0287	0.0287	0.3993	0.1968	-0.4461	0.5441	-0.03871	4.128	0.1269	??????+?????????	??????-?????????	0	0	1	71993	1	2	26699255	rs146350108	26699255	26699255	c/a
2:26700227:C_T	t	c	0.2221	0.0075	0.2169	0.2702	-0.4722	0.0459	0.09518	0.1152	-0.002106	118.531	1.825e-26	-+-------++-----	++--+++-+-------	23.959	30	0.7739	246773	16	2	26700227	rs1275978	26700227	26700227	c/t
2:26691923:A_C	a	c	0.9887	0.0021	0.9731	0.989	-0.3316	0.2838	-0.2249	0.6463	-0.08051	2.284	0.3192	-???????+???-???	-???????-???+???	1.786	4	0.775	161247	3	2	26691923	rs935169	26691923	26691923	a/c
2:26697314:A_G	a	g	0.0179	0	0.0179	0.0179	0.1312	0.2147	0.2941	0.4989	-0.0461	1.265	0.5312	+???????????????	+???????????????	0	0	1	157596	1	2	26697314	rs142664957	26697314	26697314	g/a
2:26693978:C_G	c	g	0.7111	0.0188	0.6538	0.7487	0.3912	0.04257	-0.0846	0.1064	-0.001811	94.29	3.351e-21	+++++++-+-++++++	--++---+-+++++++	26.057	30	0.6722	246773	16	2	26693978	rs34004783	26693978	26693978	c/g/t
2:26702734:A_C	a	c	0.9911	0	0.9911	0.9911	-1.869	2.597	-1.469	4.019	-6.739	1.7	0.4275	?????-??????????	?????-??????????	0	0	1	1750	1	2	26702734	rs186473685	26702734	26702734	a/c
2:26699987:A_G	a	g	0.2887	0.0198	0.2521	0.3505	-0.3906	0.04253	0.07946	0.1063	-0.001807	94.505	3.01e-21	-------+-++-----	++--+++-+-------	27.766	30	0.5828	246773	16	2	26699987	rs1275977	26699987	26699987	g/a
2:26709326:A_G	a	g	0.0107	0	0.0107	0.0107	-0.1306	0.2502	0.3492	0.5857	-0.06255	0.443	0.8014	-???????????????	+???????????????	0	0	1	157596	1	2	26709326	rs191885311	26709326	26709326	g/a/c
2:26696207:A_T	a	t	0.0015	0	0.0015	0.0015	0.8062	0.74	-2.648	1.555	-0.5419	3.008	0.2223	+???????????????	-???????????????	0	0	1	157596	1	2	26696207	rs1334219477	26696207	26696207	t/a
2:26708266:A_G	a	g	0.9931	0	0.9931	0.9931	0.8039	3.314	6.195	4.518	-10.98	5.251	0.07241	?????+??????????	?????+??????????	0	0	1	1750	1	2	26708266	rs77809921	26708266	26708266	a/g
2:26710019:A_G	a	g	0.7045	0.0184	0.6354	0.7417	0.3774	0.04304	-0.07051	0.1071	-0.00185	86.612	1.558e-19	+++++++-+--+++++	--++---+-+++++++	30.247	30	0.4531	246773	16	2	26710019	rs1275922	26710019	26710019	a/g
2:26698416:C_T	t	c	0.948	0.0152	0.9117	0.9588	0.5354	0.09499	-0.7063	0.2422	-0.009019	32.353	9.432e-08	++?+?++?+?-?+-??	--?-?--?-?+?++??	15.488	16	0.4893	238989	9	2	26698416	rs4665894	26698416	26698416	t/c
2:26687688:C_T	t	c	0.6827	0.0126	0.6409	0.7295	0.3075	0.04207	-0.0453	0.1057	-0.001768	60.726	6.509e-14	+++-+++++++++-++	---+---+-+++-+++	19.404	30	0.9311	246773	16	2	26687688	rs1275983	26687688	26687688	t/c
2:26705060:C_G	c	g	0.0107	0	0.0107	0.0107	-0.1306	0.2502	0.3492	0.5857	-0.06255	0.443	0.8014	-???????????????	+???????????????	0	0	1	157596	1	2	26705060	rs552143794	26705060	26705060	g/c
2:26687628:A_G	a	g	0.0692	0.0072	0.0461	0.0786	0.3837	0.36	1.208	0.8102	-0.1296	5.946	0.05115	???+?-?+-?+?+??+	???+?-?-+?+?+??+	29.129	12	0.003769	11515	7	2	26687628	rs77906287	26687628	26687628	g/a/t
2:26700700:C_T	t	c	0.7774	0.0085	0.7207	0.783	0.4723	0.04586	-0.09013	0.1151	-0.002102	119.152	1.338e-26	+-+++++++--+++++	--++---+-+++++++	23.143	30	0.8093	246773	16	2	26700700	rs1275979	26700700	26700700	t/c
2:26695511:A_G	a	g	0.0149	0	0.0149	0.0149	1.891	1.989	-4.138	3.144	-3.961	1.756	0.4157	?????+??????????	?????-??????????	0	0	1	1750	1	2	26695511	rs192633230	26695511	26695511	g/a
2:26705068:A_G	a	g	0.0224	0.0036	0.0114	0.0276	0.4476	0.1442	-0.3785	0.3629	-0.02079	9.677	0.00792	+????++?????????	-????--?????????	2.75	4	0.6005	231339	3	2	26705068	rs139653564	26705068	26705068	g/a
2:26693980:C_G	c	g	0.0117	0	0.0117	0.0117	-0.4118	2.167	1.521	3.589	-4.696	0.186	0.911	?????-??????????	?????+??????????	0	0	1	1750	1	2	26693980	rs538138902	26693980	26693980	g/c
2:26691496:C_T	t	c	0.2163	0.0078	0.2091	0.2628	-0.4812	0.04617	0.08773	0.1157	-0.00213	122.359	2.693e-27	-+-------+------	++--+++-+-------	22.874	30	0.8204	246773	16	2	26691496	rs1275988	26691496	26691496	c/t
2:26700299:A_C	a	c	0.0257	0.0048	0.0246	0.0504	0.01219	0.1976	-0.5272	0.4488	-0.03902	1.637	0.4411	-????+??-?+?-???	-????+??-?-?+???	6.704	8	0.5689	164882	5	2	26700299	rs149783407	26700299	26700299	c/a
2:26688716:G_T	t	g	0.0072	0	0.0072	0.0072	0.2717	0.3266	-0.1918	0.7704	-0.1066	0.705	0.7029	+???????????????	-???????????????	0	0	1	157596	1	2	26688716	rs1292114162	26688716	26688716	g/t
2:26705157:G_T	t	g	0.0094	0	0.0094	0.0094	-0.1906	2.41	-1.124	3.998	-5.808	0.176	0.9157	?????-??????????	?????-??????????	0	0	1	1750	1	2	26705157	rs145268476	26705157	26705157	g/a/c/t
2:26694101:C_T	t	c	0.2243	0.0067	0.2161	0.2627	-0.4731	0.04518	0.09856	0.113	-0.00204	122.669	2.305e-27	-+-------+------	++--+++-+-----+-	22.629	30	0.8302	246773	16	2	26694101	rs1275980	26694101	26694101	c/t
2:26691062:A_G	a	g	0.7824	0.0079	0.7365	0.7873	0.478	0.04613	-0.09049	0.1156	-0.002126	120.708	6.147e-27	+-+++++++-++++++	--++---+-+++++--	21.953	30	0.8558	246773	16	2	26691062	rs736699	26691062	26691062	a/c/g
2:26684622:A_G	a	g	0.9989	0	0.9989	0.9989	-1.269	0.8508	2.416	2.049	-0.7238	2.602	0.2722	-???????????????	+???????????????	0	0	1	157596	1	2	26684622	rs1278890465	26684622	26684622	a/g
2:26689211:A_C	a	c	0.2206	0.0086	0.2126	0.275	-0.4704	0.0455	0.08357	0.1137	-0.002068	120.631	6.387e-27	-+-------+------	++--+++++------+	22.161	30	0.8481	246773	16	2	26689211	rs1275986	26689211	26689211	c/a/t
2:26706228:A_G	a	g	0.0662	0.0188	0.0311	0.0925	0.0586	0.08239	-0.0168	0.199	-0.006759	0.558	0.7564	+??---+++?-?++?+	+??-+++--?-?+-?-	16.021	20	0.7153	243048	11	2	26706228	rs74887298	26706228	26706228	g/a/c
2:26684797:C_T	t	c	0.0111	0	0.0111	0.0111	1.774	2.168	-1.906	3.756	-4.698	0.671	0.7148	?????+??????????	?????-??????????	0	0	1	1750	1	2	26684797	rs540005052	26684797	26684797	c/t
2:26708690:A_C	a	c	0.9849	0	0.9849	0.9849	-1.362	1.959	3.608	3.125	-3.84	1.335	0.513	?????-??????????	?????+??????????	0	0	1	1750	1	2	26708690	rs184239083	26708690	26708690	a/c
2:26705943:A_G	a	g	0.6998	0.0245	0.624	0.742	0.3775	0.04163	-0.0767	0.1036	-0.001731	92.255	9.268e-21	+++++++++--+++++	--++---+-+++++++	27.884	30	0.5766	246773	16	2	26705943	rs11126666	26705943	26705943	g/a/c
2:26707936:A_G	a	g	0.0038	0	0.0038	0.0038	-0.1273	0.4435	1.533	1.043	-0.1966	2.301	0.3165	-???????????????	+???????????????	0	0	1	157596	1	2	26707936	rs888626015	26707936	26707936	g/a
2:26695515:C_T	t	c	0.0102	0	0.0102	0.0102	1.465	2.119	-4.51	4.386	-4.485	1.107	0.5749	????????????+???	????????????-???	0	0	1	2505	1	2	26695515	rs144302560	26695515	26695515	c/g/t
2:26706414:G_T	t	g	0.7765	0.0075	0.7293	0.7829	0.477	0.04615	-0.09152	0.1157	-0.002129	120.005	8.734e-27	+-+++++++--+++++	--++---+-+++++++	23.929	30	0.7752	246773	16	2	26706414	rs13394970	26706414	26706414	t/g
2:26706212:C_T	t	c	0.0083	0	0.0083	0.0083	1.869	2.597	1.934	4.221	-6.739	1.821	0.4024	?????+??????????	?????+??????????	0	0	1	1750	1	2	26706212	rs190313951	26706212	26706212	c/t
2:26703633:C_G	c	g	0.017	0.0017	0.0131	0.0182	0.3762	0.1589	0.3333	0.3934	-0.02526	9.488	0.008705	+????-+?????????	+????++?????????	2.307	4	0.6795	231339	3	2	26703633	rs148337864	26703633	26703633	g/a/c
2:26693477:A_G	a	g	0.0228	5e-04	0.0228	0.0317	-0.8002	0.1899	-0.08956	0.4509	-0.036	22.466	1.323e-05	-??+????????????	-??-????????????	0.504	2	0.7772	158143	2	2	26693477	rs144984314	26693477	26693477	g/a
2:26696221:C_T	t	c	0.2208	0.0082	0.2119	0.2686	-0.4737	0.04576	0.09636	0.1148	-0.002093	119.98	8.843e-27	-+-------+------	++--+++-+-------	23.831	30	0.7796	246773	16	2	26696221	rs1275982	26696221	26696221	c/t
2:26709928:C_T	t	c	0.2234	0.0082	0.2168	0.2698	-0.4722	0.04678	0.08376	0.117	-0.002187	114.972	1.082e-25	-+-------+------	++--+++-+-----+-	22.832	30	0.8221	246773	16	2	26709928	rs1275923	26709928	26709928	c/t
2:26689863:C_T	t	c	0.1119	0.022	0.0804	0.1549	-0.5058	0.06354	0.3508	0.1619	-0.004035	64.441	1.016e-14	-------+-?-----?	+++++++-+?-++-+?	19.974	26	0.7928	243545	14	2	26689863	rs118150342	26689863	26689863	c/t
2:26702095:C_T	t	c	0.9911	0	0.9911	0.9911	-1.869	2.597	-1.469	4.019	-6.739	1.7	0.4275	?????-??????????	?????-??????????	0	0	1	1750	1	2	26702095	rs188478509	26702095	26702095	t/c
2:26692538:G_T	t	g	0.0011	0	0.0011	0.0011	1.751	0.8437	-1.877	1.995	-0.7118	4.311	0.1158	+???????????????	-???????????????	0	0	1	157596	1	2	26692538	rs182223283	26692538	26692538	g/c/t
2:26686605:A_G	a	g	0.0593	0.0215	0.018	0.0877	-0.08234	0.08798	-0.03802	0.2111	-0.007681	1.264	0.5316	-??+--++-?+?-??+	+??--++--?-?+??-	21.092	18	0.2748	242102	10	2	26686605	rs113076024	26686605	26686605	g/a
2:26705229:A_G	a	g	0.7067	0.0202	0.6363	0.742	0.3835	0.04237	-0.0756	0.1058	-0.001793	92.001	1.053e-20	+++++++++--+++++	--++---+-+++++++	28.065	30	0.567	246773	16	2	26705229	rs1731247	26705229	26705229	a/g/t
2:26697157:A_T	a	t	0.2209	0.0077	0.2118	0.2686	-0.4739	0.04582	0.09545	0.1149	-0.002098	119.86	9.393e-27	-+-------+------	++--+++-+-----++	23.726	30	0.7843	246773	16	2	26697157	rs1731249	26697157	26697157	t/a/c
2:26683346:A_T	a	t	0.9478	0.0059	0.9108	0.9731	0.4375	0.1267	0.1417	0.2937	-0.01604	16.696	0.0002369	+??+-+??+?-?+??+	+??++-??-?+?-??+	8.51	14	0.8611	168881	8	2	26683346	rs1275959	26683346	26683346	a/t
2:26682712:G_T	t	g	0.9343	0.025	0.9043	0.9823	0.08281	0.08306	0.03842	0.198	-0.006842	1.442	0.4863	+??-++--+?-?+??-	-??+---++?+?-??+	20.823	18	0.2884	242102	10	2	26682712	rs59435210	26682712	26682712	t/g
2:26694334:A_C	a	c	0.024	0	0.024	0.024	0.5668	1.074	-2.858	1.949	-1.153	2.265	0.3223	????????+???-???	????????-???-???	2.594	2	0.2734	3651	2	2	26694334	rs116974028	26694334	26694334	c/a
2:26705208:C_T	t	c	0.0661	0.0186	0.0311	0.0917	0.06108	0.08232	-0.02317	0.199	-0.006748	0.594	0.7432	+??---+++?+?++?+	+??-+++--?-?+-?-	16.106	20	0.7101	243048	11	2	26705208	rs74875607	26705208	26705208	c/t
2:26691919:A_G	a	g	0.2849	0.0217	0.2502	0.3466	-0.3969	0.04278	0.08741	0.1068	-0.001828	96.029	1.404e-21	-------+-+------	++--+++-+-------	27.476	30	0.5982	246773	16	2	26691919	rs935168	26691919	26691919	g/a
2:26694474:C_T	t	c	0.0144	0.0013	0.006	0.0146	0.4246	0.2532	-0.1513	0.714	-0.0641	2.979	0.2255	?????++?????????	?????--?????????	0.156	2	0.9248	73743	2	2	26694474	rs137917724	26694474	26694474	c/a/t
2:26705556:G_T	t	g	0.0051	0.0018	0.0049	0.022	-0.3773	0.3962	-0.8857	0.8943	-0.1569	3.388	0.1838	-????+??????????	-????+??????????	2.348	2	0.3091	159346	2	2	26705556	rs184198396	26705556	26705556	g/a/t
2:26684166:A_C	a	c	0.9381	0.0232	0.9063	0.9823	0.07587	0.08581	0.04291	0.2053	-0.007307	1.182	0.5538	+??-++--+?-?-??-	-??++--++?+?-??+	22.72	18	0.2016	242102	10	2	26684166	rs59635753	26684166	26684166	a/c
2:26700967:C_T	t	c	0.0115	0.0011	0.0114	0.0223	0.07262	0.269	-0.587	0.6127	-0.07232	0.946	0.6231	+????-??????????	-????-??????????	0.322	2	0.8514	159346	2	2	26700967	rs139688190	26700967	26700967	c/t
2:26699194:A_G	a	g	0.2788	0.0119	0.276	0.337	-0.3762	0.06778	0.05515	0.1942	-0.004588	33.896	4.36e-08	???--?-????????-	???-+?+????????-	3.925	6	0.6869	75992	4	2	26699194	rs1314982	26699194	26699194	g/a
2:26687520:A_G	a	g	0.019	0.001	0.0189	0.0289	0.04644	0.2296	0.4265	0.5227	-0.05267	1.055	0.5902	+????+??????????	+????+??????????	3.11	2	0.2112	159346	2	2	26687520	rs140540818	26687520	26687520	g/a/t
2:26684642:A_G	a	g	0.9843	0	0.9843	0.9843	0.2764	0.2466	0.3769	0.6828	-0.06082	2.309	0.3153	??????+?????????	??????+?????????	0	0	1	71993	1	2	26684642	rs190559969	26684642	26684642	a/g/t
2:26709163:C_T	t	c	0.2248	0.008	0.217	0.2779	-0.4775	0.04666	0.08958	0.1167	-0.002176	117.815	2.611e-26	-+-------+------	++--+++-+-------	22.912	30	0.8188	246773	16	2	26709163	rs2586886	26709163	26709163	c/g/t
2:26703177:A_G	a	g	0.0057	0	0.0057	0.0057	-0.2469	0.3675	0.3506	0.8262	-0.1351	0.471	0.7902	-???????????????	+???????????????	0	0	1	157596	1	2	26703177	rs145051463	26703177	26703177	g/a
2:26709545:A_G	a	g	0.0056	0	0.0056	0.0056	0.9263	0.3515	0.4093	0.8255	-0.1236	10.142	0.006275	+???????????????	+???????????????	0	0	1	157596	1	2	26709545	rs140565870	26709545	26709545	g/a
2:26683568:C_T	t	c	0.0625	0.0236	0.0177	0.0923	-0.07303	0.08524	-0.04633	0.2037	-0.007212	1.145	0.564	-??+--++-?+?+??+	+??--++--?-?+??-	22.105	18	0.2274	242102	10	2	26683568	rs59284336	26683568	26683568	c/t
2:26681997:A_G	a	g	0.7007	0.0286	0.6526	0.7951	0.2694	0.04327	-0.0009235	0.1077	-0.001869	46.145	9.545e-11	+-+-+++++--++-++	--++--++-+++-++-	34.501	30	0.2612	246773	16	2	26681997	rs1275958	26681997	26681997	a/g/t
2:26705608:G_T	t	g	0.066	0.0187	0.0311	0.0918	0.06115	0.0824	-0.02021	0.1991	-0.006761	0.601	0.7405	+??---+++?+?++?+	+??-+++--?-?+-?-	16.022	20	0.7153	243048	11	2	26705608	rs79255123	26705608	26705608	g/t
2:26707543:C_T	t	c	0.222	0.0075	0.2163	0.269	-0.4768	0.04647	0.08845	0.1163	-0.002158	118.549	1.809e-26	-+-------+------	++--+++-+-----+-	23.27	30	0.804	246773	16	2	26707543	rs1731243	26707543	26707543	c/t
2:26696561:C_T	t	c	0.3147	0.0351	0.258	0.3995	-0.383	0.04225	0.08412	0.1055	-0.001782	91.691	1.229e-20	---------+------	+++-+++-+-------	28.485	30	0.5448	246773	16	2	26696561	rs11694327	26696561	26696561	t/a/c
2:26693976:C_G	c	g	0.7831	0.0091	0.7376	0.7907	0.4782	0.04624	-0.1001	0.1161	-0.002137	119.565	1.088e-26	+-+++++++-++++++	--++---+-++++++-	21.951	30	0.8558	246773	16	2	26693976	rs35021474	26693976	26693976	c/g/t
2:26701955:A_C	a	c	0.7052	0.022	0.6341	0.7426	0.3851	0.04244	-0.07357	0.1061	-0.001799	92.604	7.784e-21	+++++++-+--+++++	--++---+-+++++++	28.241	30	0.5577	246773	16	2	26701955	rs1731248	26701955	26701955	a/c
2:26686201:C_T	t	c	0.0258	0.0101	0.0107	0.034	-0.1822	0.1321	-0.4041	0.3213	-0.01742	5.903	0.05225	-??-+?+?????????	-??+-?-?????????	7.292	6	0.2946	231134	4	2	26686201	rs80282676	26686201	26686201	c/g/t
2:26687262:A_C	a	c	0.0636	0.0236	0.0166	0.0804	-0.08286	0.08814	0.1034	0.2111	-0.007705	0.896	0.6389	-??+--+?-???+???	+??--++?+???+???	7.016	12	0.8565	236535	7	2	26687262	rs59688894	26687262	26687262	c/a
